Head_x,Head_y,ProThorax_x,ProThorax_y,MesoThorax_x,MesoThorax_y,MetaThorax_x,MetaThorax_y,Abdomen_x,Abdomen_y,Abdomen_Mid_x,Abdomen_Mid_y,Abdomen_Tip_x,Abdomen_Tip_y,FL_Tibia_x,FL_Tibia_y,FL_Femur_x,FL_Femur_y,FL_Trochanter_x,FL_Trochanter_y,FL_Coxa_x,FL_Coxa_y,ML_Tarsi_x,ML_Tarsi_y,ML_Femur_x,ML_Femur_y,ML_Trochanter_x,ML_Trochanter_y,ML_Coxa_x,ML_Coxa_y,HL_Tarsi_x,HL_Tarsi_y,HL_Femur_x,HL_Femur_y,HL_Trochanter_x,HL_Trochanter_y,HL_Coxa_x,HL_Coxa_y
325.368,414.32,307.811,416.782,212.539,437.271,186.763,450.96,158.247,460.682,107.886,453.443,71.726,417.263,295.33,568.751,302.216,532.264,252.685,472.886,282.488,425.446,245.964,527.199,232.149,446.576,188.125,474.593,195.707,452.668,50.165,536.912,98.439,433.26,150.884,474.17,168.373,462.142
325.372,414.332,307.818,416.782,212.539,437.276,186.764,450.962,158.247,460.684,107.897,453.486,71.744,417.266,295.502,568.76,302.282,532.284,252.685,472.886,282.488,425.451,246.01,527.274,232.155,446.604,188.136,474.615,195.707,452.672,50.169,536.912,98.452,433.265,150.884,474.172,168.397,462.149
325.372,414.332,307.818,416.782,212.539,437.276,186.764,450.964,158.247,460.685,107.905,453.488,71.751,417.268,295.589,568.789,302.293,532.297,252.695,472.886,282.488,425.467,246.02,527.276,232.156,446.606,188.136,474.618,195.707,452.674,50.178,536.912,98.452,433.27,150.884,474.178,168.399,462.152
325.368,414.332,307.818,416.781,212.54,437.276,186.769,450.962,158.247,460.685,107.897,453.496,71.751,417.268,295.591,568.789,302.293,532.284,252.685,472.886,282.488,425.466,246.02,527.286,232.156,446.606,188.136,474.618,195.707,452.672,50.178,536.907,98.452,433.27,150.884,474.172,168.408,462.149
325.367,414.331,307.818,416.778,212.529,437.271,186.773,450.96,158.251,460.687,107.897,453.496,71.744,417.266,295.623,568.907,302.282,532.264,252.67,472.886,282.488,425.461,246.01,527.276,232.166,446.607,188.136,474.618,195.712,452.668,50.178,536.887,98.452,433.267,150.897,474.17,168.408,462.149
325.36,414.325,307.881,416.773,212.521,437.267,186.778,450.951,158.341,460.685,107.897,453.513,71.741,417.211,295.709,568.949,302.214,532.227,252.546,472.986,282.519,425.461,245.974,527.276,232.166,446.612,188.18,474.615,195.776,452.608,50.169,536.874,98.402,433.27,151.039,474.139,168.55,462.074
325.349,414.325,307.881,416.77,212.486,437.259,186.784,450.951,158.379,460.687,107.904,453.516,71.702,417.16,295.769,568.967,302.177,532.128,252.507,473.09,282.519,425.461,245.974,527.28,232.166,446.612,188.188,474.614,195.786,452.596,50.139,536.733,98.367,433.294,151.094,474.133,168.585,462.064
325.343,414.322,307.881,416.769,212.486,437.252,186.796,450.951,158.402,460.693,107.904,453.538,71.7,417.16,295.844,568.967,302.176,532.097,252.474,473.09,282.519,425.461,245.974,527.266,232.138,446.624,188.188,474.602,195.795,452.596,50.139,536.733,98.366,433.294,151.097,474.133,168.622,462.064
325.337,414.311,307.841,416.752,212.478,437.252,186.784,450.968,158.473,460.693,107.904,453.538,71.696,417.16,295.897,568.967,302.159,532.08,252.472,473.09,282.451,425.461,246.011,527.26,232.112,446.624,188.188,474.595,195.786,452.596,50.127,536.733,98.366,433.267,151.189,474.139,168.697,462.064
325.264,414.268,307.584,416.751,212.486,437.251,186.784,451.016,158.482,460.696,107.904,453.594,71.603,417.251,295.961,568.924,302.159,532.078,252.421,473.031,282.38,425.488,246.011,527.26,232.069,446.642,188.18,474.58,195.795,452.591,50.127,536.784,98.328,433.239,151.196,474.149,168.703,462.081
325.246,414.245,307.569,416.738,212.486,437.243,186.767,451.016,158.501,460.696,107.837,453.599,71.435,417.251,295.993,568.924,302.159,532.08,252.419,473.007,282.38,425.493,246.011,527.246,232.062,446.642,188.194,474.554,195.797,452.591,50.118,536.784,98.309,433.22,151.209,474.191,168.708,462.081
325.246,414.245,307.569,416.738,212.486,437.251,186.766,451.016,158.482,460.697,107.829,453.619,71.435,417.251,296.013,568.878,302.169,532.096,252.394,473.003,282.375,425.5,246.011,527.239,232.034,446.656,188.184,474.554,195.803,452.59,50.117,536.784,98.289,433.177,151.196,474.194,168.708,462.081
325.241,414.245,307.561,416.738,212.467,437.251,186.765,451.016,158.473,460.697,107.816,453.623,71.435,417.251,296.095,568.866,302.206,532.096,252.348,472.986,282.374,425.502,246.002,527.193,232.014,446.642,188.18,474.542,195.797,452.504,50.116,536.766,98.267,433.156,151.189,474.195,168.708,462.08
325.241,414.251,307.561,416.743,212.357,437.319,186.71,450.989,158.227,460.72,107.57,453.631,71.456,417.251,296.493,568.444,302.206,532.096,252.254,472.976,282.304,425.532,245.853,527.181,231.925,446.639,188.18,474.528,195.797,452.494,50.115,536.751,98.201,433.108,151.046,474.266,168.566,462.078
325.241,414.251,307.563,416.743,212.243,437.319,186.702,450.988,158.222,460.72,107.551,453.658,71.476,417.25,296.493,568.405,302.206,532.096,252.252,472.931,282.304,425.532,245.851,527.181,231.924,446.618,188.183,474.528,195.789,452.494,50.115,536.75,98.199,433.102,151.044,474.267,168.562,462.07
325.241,414.251,307.563,416.744,212.243,437.319,186.702,450.983,158.217,460.721,107.551,453.658,71.476,417.256,296.506,568.385,302.204,532.096,252.202,472.929,282.304,425.544,245.848,527.181,231.919,446.639,188.163,474.535,195.768,452.494,50.117,536.75,98.177,433.092,151.04,474.267,168.554,462.078
325.21,414.241,307.561,416.744,212.243,437.304,186.702,450.966,158.179,460.721,107.57,453.658,71.476,417.258,296.517,568.38,302.203,532.076,252.195,472.928,282.303,425.548,245.836,527.225,231.919,446.639,188.163,474.535,195.751,452.504,50.115,536.746,98.199,433.092,151.029,474.283,168.542,462.08
325.137,414.189,307.466,416.781,212.34,437.276,186.713,450.952,158.02,460.721,107.589,453.639,71.472,417.258,296.551,568.22,302.203,531.91,252.085,472.896,282.154,425.548,245.818,527.254,231.924,446.707,188.173,474.633,195.751,452.572,50.12,536.74,98.201,432.987,150.872,474.322,168.358,462.175
325.117,414.189,307.456,416.781,212.359,437.272,186.713,450.946,158.006,460.721,107.609,453.639,71.441,417.309,296.63,568.216,302.204,531.897,252.044,472.878,282.136,425.531,245.816,527.256,231.951,446.721,188.178,474.647,195.747,452.582,50.12,536.731,98.225,432.971,150.83,474.329,168.342,462.181
325.111,414.187,307.44,416.784,212.359,437.272,186.713,450.938,157.982,460.721,107.627,453.639,71.441,417.31,296.63,568.216,302.221,531.769,251.948,472.878,282.135,425.53,245.79,527.256,231.951,446.774,188.173,474.65,195.738,452.582,50.114,536.731,98.237,432.971,150.772,474.329,168.303,462.199
325.072,414.189,307.408,416.781,212.359,437.276,186.701,450.937,157.968,460.713,107.641,453.64,71.441,417.336,296.724,568.216,302.234,531.73,251.929,472.878,282.074,425.53,245.784,527.259,231.951,446.806,188.173,474.69,195.687,452.582,50.111,536.724,98.274,432.987,150.696,474.322,168.303,462.201
325.017,414.189,307.406,416.78,212.279,437.285,186.678,450.937,157.962,460.709,107.666,453.677,71.462,417.489,296.752,568.237,302.241,531.631,251.778,472.748,282.064,425.53,245.78,527.265,231.776,446.963,188.148,474.69,195.653,452.577,50.081,536.683,98.31,432.987,150.695,474.299,168.295,462.201
324.984,414.195,307.406,416.78,212.219,437.286,186.653,450.937,157.962,460.709,107.673,453.677,71.462,417.497,296.764,568.239,302.248,531.622,251.668,472.658,282.055,425.531,245.78,527.282,231.765,446.978,188.14,474.69,195.616,452.577,50.081,536.683,98.327,433.01,150.695,474.285,168.295,462.206
324.933,414.195,307.402,416.784,212.195,437.297,186.618,450.937,157.962,460.703,107.673,453.677,71.472,417.498,296.78,568.239,302.248,531.547,251.653,472.653,282.043,425.537,245.78,527.265,231.76,446.992,188.135,474.69,195.604,452.57,50.081,536.683,98.327,433.01,150.688,474.277,168.295,462.206
324.876,414.195,307.34,416.787,212.095,437.301,186.581,450.937,157.962,460.689,107.666,453.677,71.479,417.501,296.857,568.239,302.384,531.502,251.632,472.633,282.022,425.537,245.782,527.265,231.742,447.041,188.128,474.673,195.541,452.575,50.104,536.723,98.327,433.01,150.688,474.277,168.283,462.215
324.865,414.192,307.324,416.787,212.084,437.312,186.565,450.911,157.813,460.685,107.576,453.677,71.479,417.503,296.976,568.088,302.483,531.404,251.627,472.594,281.926,425.537,245.786,527.244,231.698,447.055,188.124,474.616,195.509,452.575,50.109,536.728,98.193,432.981,150.549,474.277,168.058,462.217
324.865,414.188,307.269,416.787,212.083,437.316,186.541,450.911,157.697,460.683,107.568,453.691,71.479,417.505,296.992,568.003,302.499,531.384,251.541,472.565,281.926,425.525,245.826,527.244,231.692,447.068,188.075,474.582,195.493,452.575,50.109,536.731,98.166,432.977,150.549,474.287,167.946,462.217
324.844,414.188,307.266,416.782,212.08,437.312,186.527,450.907,157.688,460.68,107.482,453.699,71.472,417.506,296.992,567.984,302.501,531.322,251.508,472.565,281.898,425.518,245.851,527.232,231.698,447.07,188.037,474.548,195.49,452.569,50.112,536.735,98.104,432.977,150.549,474.287,167.94,462.22
324.837,414.188,307.266,416.781,212.025,437.312,186.461,450.906,157.667,460.679,107.421,453.711,71.468,417.519,297.002,567.975,302.559,531.313,251.472,472.554,281.898,425.507,245.86,527.232,231.698,447.077,188.027,474.542,195.409,452.569,50.113,536.737,98.104,432.981,150.579,474.287,167.925,462.225
324.81,414.188,307.255,416.709,212.025,437.219,186.452,450.817,157.667,460.635,107.406,453.711,71.414,417.576,297.002,567.899,302.678,531.257,251.436,472.531,281.921,425.478,245.903,527.131,231.698,447.222,188.027,474.457,195.32,452.503,50.114,536.78,98.089,433.081,150.579,474.278,167.873,462.223
324.81,414.188,307.255,416.709,212.025,437.186,186.452,450.806,157.66,460.632,107.397,453.711,71.409,417.576,297.033,567.859,302.698,531.227,251.436,472.565,281.921,425.467,245.92,527.095,231.671,447.222,187.997,474.455,195.314,452.493,50.114,536.79,98.104,433.096,150.579,474.265,167.873,462.223
324.807,414.188,307.28,416.709,212.04,437.185,186.452,450.781,157.667,460.537,107.38,453.67,71.383,417.576,297.078,567.816,302.698,531.201,251.434,472.531,281.92,425.465,245.949,527.071,231.677,447.222,187.997,474.455,195.301,452.493,50.114,536.818,98.106,433.096,150.565,474.26,167.794,462.223
324.796,414.187,307.292,416.725,212.04,437.185,186.448,450.779,158.764,460.091,107.311,453.577,71.236,417.567,297.129,567.765,302.698,531.172,251.434,472.496,281.92,425.46,245.949,527.028,231.671,447.217,187.985,474.457,195.287,452.493,50.135,536.821,98.106,433.094,150.54,474.253,167.779,462.196
324.76,414.17,307.292,416.741,212.04,437.185,186.434,450.775,158.776,460.054,107.278,453.575,71.211,417.522,297.179,567.755,302.527,531.12,251.42,472.435,281.868,425.453,245.923,527.028,231.645,447.143,187.981,474.457,195.278,452.488,50.142,536.934,98.078,433.081,150.505,474.231,167.779,462.177
324.723,414.161,307.292,416.743,212.015,437.17,186.409,450.773,158.783,460.046,107.278,453.575,71.211,417.517,297.217,567.74,302.457,531.105,251.373,472.377,281.858,425.453,245.973,527.056,231.635,447.088,187.978,474.472,195.275,452.486,50.142,536.947,98.078,433.065,150.503,474.228,167.779,462.171
324.722,414.159,307.299,416.743,211.979,437.185,186.406,450.775,158.783,460.046,107.261,453.575,71.211,417.495,297.236,567.725,302.454,531.085,251.326,472.25,281.821,425.453,245.973,527.056,231.627,447.088,187.966,474.475,195.273,452.486,50.135,536.954,98.015,433.056,150.503,474.22,167.777,462.171
324.697,414.152,307.288,416.741,211.959,437.186,186.358,450.775,158.783,460.046,107.247,453.621,71.211,417.488,297.236,567.725,302.378,531.085,251.265,472.169,281.787,425.452,246.016,527.146,231.62,447.088,187.936,474.475,195.252,452.486,50.13,537.062,98.013,433.05,150.503,474.219,167.766,462.171
324.681,414.145,307.288,416.728,211.897,437.224,186.242,450.854,158.709,460.108,107.131,453.689,71.211,417.478,297.236,567.638,302.352,531.013,251.127,472.138,281.74,425.413,246.088,527.221,231.613,447.204,187.849,474.477,195.156,452.575,50.124,537.108,97.837,432.964,150.502,474.217,167.656,462.204
324.679,414.141,307.278,416.726,211.878,437.224,186.214,450.856,158.654,460.116,107.115,453.712,71.199,417.478,297.236,567.638,302.352,531.006,251.04,472.133,281.714,425.413,246.103,527.221,231.581,447.311,187.821,474.484,195.118,452.599,50.119,537.108,97.817,432.925,150.456,474.216,167.612,462.213
324.679,414.135,307.258,416.712,211.816,437.224,186.167,450.864,158.582,460.137,107.11,453.749,71.184,417.478,297.236,567.638,302.352,530.968,251.01,472.111,281.714,425.403,246.103,527.225,231.553,447.409,187.795,474.484,195.074,452.618,50.119,537.108,97.746,432.848,150.373,474.212,167.539,462.227
324.635,414.135,307.231,416.705,211.813,437.222,186.116,450.864,158.521,460.167,107.051,453.808,71.155,417.479,297.375,567.736,302.327,530.92,250.999,472.097,281.701,425.401,246.103,527.225,231.53,447.426,187.753,474.484,195.03,452.623,50.119,537.108,97.724,432.827,150.335,474.212,167.502,462.227
324.54,414.135,307.21,416.682,211.733,437.198,186.02,450.882,158.377,460.233,107.038,453.808,71.155,417.479,297.401,567.736,302.308,530.899,250.883,472.111,281.701,425.368,246.047,527.229,231.461,447.65,187.742,474.483,194.898,452.637,50.119,537.108,97.695,432.82,150.335,474.212,167.369,462.227
324.515,414.153,307.153,416.68,211.733,437.186,185.988,450.882,158.349,460.233,107.035,453.808,71.153,417.528,297.405,567.736,302.308,530.898,250.818,472.074,281.65,425.34,246.047,527.248,231.398,447.687,187.735,474.472,194.843,452.637,50.121,537.09,97.673,432.82,150.318,474.212,167.331,462.225
324.458,414.153,307.161,416.665,211.731,437.181,185.978,450.86,158.324,460.233,107.025,453.799,71.153,417.533,297.405,567.736,302.294,530.863,250.774,472.074,281.701,425.336,246.047,527.253,231.39,447.72,187.735,474.467,194.842,452.642,50.121,537.108,97.673,432.813,150.317,474.212,167.318,462.225
324.435,414.156,307.174,416.651,211.696,437.163,185.975,450.859,158.317,460.168,107.035,453.763,71.15,417.528,297.405,567.736,302.1,530.852,250.702,471.972,281.718,425.309,246.06,527.254,231.39,447.73,187.728,474.461,194.811,452.642,50.121,537.108,97.62,432.813,150.283,474.215,167.303,462.225
324.409,414.156,307.161,416.597,211.662,437.163,185.906,450.855,158.206,460.164,107.035,453.761,71.019,417.509,297.358,567.733,302.066,530.846,250.631,471.867,281.718,425.251,246.063,527.409,231.39,447.746,187.719,474.431,194.643,452.781,50.071,537.095,97.618,432.809,150.228,474.215,167.119,462.245
324.39,414.16,307.145,416.591,211.635,437.146,185.881,450.855,158.182,460.158,107.036,453.761,70.944,417.535,297.346,567.732,302.014,530.839,250.572,471.698,281.669,425.227,246.063,527.414,231.391,447.87,187.705,474.424,194.557,452.817,50.071,537.095,97.553,432.809,150.205,474.213,167.01,462.245
324.388,414.16,307.145,416.563,211.628,437.146,185.848,450.855,158.127,460.158,107.036,453.748,70.929,417.535,297.333,567.732,302.012,530.839,250.555,471.669,281.669,425.209,246.063,527.414,231.394,447.912,187.7,474.409,194.537,452.826,50.071,537.099,97.553,432.802,150.198,474.213,166.984,462.245
324.388,414.16,307.013,416.525,211.618,437.134,185.83,450.854,158.104,460.096,107.036,453.747,70.929,417.509,297.196,567.725,301.927,530.836,250.538,471.565,281.582,425.18,246.023,527.414,231.43,447.912,187.634,474.409,194.527,452.826,50.071,537.095,97.553,432.802,150.179,474.213,166.965,462.239
324.367,414.129,307.013,416.509,211.587,437.085,185.781,450.854,158.072,460.085,107.032,453.747,70.917,417.496,297.125,567.694,301.712,530.803,250.455,471.498,281.582,425.164,246.016,527.395,231.459,447.912,187.629,474.385,194.52,452.826,50.071,537.095,97.602,432.698,150.165,474.192,166.965,462.233
324.35,414.126,307.006,416.509,211.586,437.072,185.762,450.854,158.069,460.054,106.983,453.734,70.917,417.535,297.071,567.685,301.58,530.793,250.452,471.47,281.546,425.112,245.982,527.395,231.459,447.911,187.613,474.385,194.497,452.802,50.031,537.022,97.619,432.664,150.161,474.192,166.977,462.229
324.35,414.124,307.006,416.498,211.571,437.05,185.762,450.852,158.058,460.051,106.947,453.734,70.917,417.46,297.071,567.646,301.501,530.739,250.431,471.425,281.546,425.098,245.982,527.365,231.459,447.911,187.605,474.372,194.497,452.766,50.028,537.019,97.619,432.624,150.131,474.173,166.977,462.196
324.35,414.116,306.952,416.496,211.552,437.019,185.728,450.832,158.035,459.998,106.908,453.734,70.938,417.456,297.071,567.626,301.469,530.731,250.419,471.425,281.476,425.054,245.974,527.373,231.432,447.911,187.593,474.372,194.517,452.758,49.976,536.862,97.619,432.598,150.078,474.173,166.993,462.161
324.283,413.998,306.927,416.39,211.552,437.014,185.713,450.8,158.035,459.982,106.832,453.75,70.98,417.441,297.1,567.533,301.444,530.619,250.347,471.405,281.272,424.937,245.974,527.373,231.413,448.031,187.577,474.29,194.517,452.674,49.966,536.857,97.488,432.414,149.962,474.138,166.993,462.144
324.283,413.979,306.888,416.369,211.552,437.011,185.713,450.791,158.035,459.981,106.828,453.755,70.98,417.438,297.133,567.483,301.358,530.594,250.316,471.401,281.247,424.937,245.983,527.398,231.413,448.034,187.577,474.269,194.509,452.674,49.962,536.857,97.475,432.414,149.961,474.132,166.998,462.144
324.283,413.955,306.888,416.348,211.578,437.001,185.713,450.786,158.035,459.98,106.801,453.773,70.98,417.438,297.133,567.483,301.356,530.564,250.189,471.405,281.232,424.897,245.998,527.403,231.413,448.034,187.577,474.245,194.509,452.674,49.962,536.862,97.417,432.414,149.95,474.13,166.998,462.144
324.29,413.944,306.888,416.329,211.582,436.853,185.71,450.72,158.076,459.958,106.719,453.773,70.892,417.441,297.133,567.483,301.35,530.412,250.075,471.43,281.232,424.897,246.068,527.413,231.448,448.088,187.6,474.244,194.488,452.674,49.962,536.864,97.372,432.414,149.946,474.129,166.998,462.144
324.29,413.86,306.965,416.23,211.582,436.83,185.707,450.705,158.11,459.955,106.702,453.773,70.835,417.455,296.72,567.579,301.334,530.315,250.072,471.424,281.232,424.827,246.082,527.594,231.602,448.116,187.601,474.207,194.466,452.674,50.016,536.905,97.369,432.433,149.918,474.106,166.987,462.144
324.29,413.841,306.965,416.21,211.582,436.786,185.672,450.695,158.11,459.952,106.702,453.766,70.796,417.484,296.693,567.583,301.3,530.283,250.041,471.424,281.232,424.827,246.082,527.655,231.672,448.179,187.601,474.153,194.416,452.659,50.017,536.92,97.365,432.458,149.918,474.105,166.977,462.135
324.22,413.805,306.965,416.188,211.529,436.786,185.622,450.695,158.11,459.929,106.7,453.766,70.796,417.492,296.693,567.583,301.285,530.262,250.039,471.424,281.232,424.827,246.085,527.687,231.766,448.23,187.601,474.145,194.316,452.659,50.026,536.93,97.358,432.439,149.916,474.1,166.911,462.128
324.165,413.792,306.855,416.171,211.484,436.786,185.535,450.693,158.071,459.927,106.699,453.759,70.748,417.522,296.681,567.583,301.224,530.262,249.873,471.271,281.07,424.819,246.092,527.695,231.775,448.23,187.6,474.144,194.232,452.659,50.07,536.958,97.358,432.439,149.916,474.086,166.888,462.125
324.049,413.754,306.836,416.151,211.48,436.687,185.524,450.682,157.972,459.872,106.7,453.749,70.746,417.533,296.66,567.326,301.066,530.229,249.737,471.234,281.047,424.819,246.266,527.866,231.8,448.257,187.572,474.144,194.099,452.78,50.106,537.074,97.339,432.439,149.852,474.012,166.756,462.098
323.946,413.744,306.817,416.084,211.472,436.687,185.51,450.682,157.919,459.821,106.676,453.749,70.746,417.533,296.627,567.285,301.028,530.202,249.728,471.214,280.942,424.737,246.304,527.87,231.775,448.266,187.572,474.145,194.022,452.864,50.106,537.074,97.339,432.398,149.847,473.988,166.72,462.088
323.898,413.719,306.741,416.018,211.431,436.687,185.484,450.708,157.889,459.807,106.674,453.749,70.741,417.546,296.614,567.223,300.901,530.199,249.728,471.234,280.863,424.737,246.304,527.87,231.775,448.271,187.572,474.145,193.995,452.864,50.106,537.074,97.339,432.385,149.818,473.97,166.686,462.088
323.884,413.702,306.727,416.016,211.279,436.709,185.457,450.725,157.862,459.782,106.672,453.776,70.741,417.547,296.59,567.212,300.883,530.154,249.726,471.212,280.851,424.716,246.304,527.866,231.712,448.323,187.56,474.134,193.975,452.864,50.067,536.93,97.307,432.37,149.753,473.937,166.686,462.08
323.873,413.638,306.724,415.932,211.277,436.709,185.341,450.727,157.787,459.679,106.545,453.776,70.752,417.548,296.576,567.077,300.859,530.0,249.697,471.184,280.851,424.677,246.274,527.842,231.606,448.323,187.529,474.11,193.936,452.808,50.065,536.93,97.279,432.097,149.664,473.887,166.686,462.009
323.873,413.614,306.723,415.904,211.277,436.709,185.341,450.731,157.787,459.679,106.545,453.776,70.752,417.546,296.576,567.035,300.859,529.865,249.683,471.165,280.819,424.622,246.268,527.828,231.576,448.323,187.524,474.094,193.936,452.799,50.064,536.93,97.244,432.097,149.644,473.868,166.705,462.009
323.853,413.598,306.716,415.887,211.277,436.698,185.324,450.727,157.781,459.676,106.544,453.776,70.755,417.546,296.547,566.98,300.84,529.86,249.675,471.165,280.819,424.622,246.258,527.82,231.574,448.291,187.522,474.071,193.936,452.798,50.064,536.93,97.244,432.085,149.636,473.858,166.705,462.0
323.853,413.557,306.712,415.856,211.292,436.698,185.32,450.727,157.781,459.676,106.544,453.769,70.755,417.527,296.529,566.932,300.812,529.771,249.532,471.149,280.819,424.622,246.201,527.797,231.574,448.245,187.488,474.04,193.936,452.783,50.064,536.93,97.233,432.085,149.636,473.833,166.705,462.0
323.638,413.455,306.607,415.779,211.297,436.677,185.32,450.717,157.765,459.648,106.511,453.766,70.74,417.515,296.468,566.891,300.767,529.771,249.466,471.094,280.595,425.611,246.188,527.797,231.574,448.245,187.476,473.965,193.922,452.721,50.064,536.93,97.231,432.133,149.575,473.802,166.701,461.977
323.532,413.349,306.519,415.686,211.355,436.591,185.32,450.633,157.765,459.61,106.448,453.763,70.715,417.483,296.454,566.88,300.665,529.771,249.466,471.035,280.582,425.611,246.179,527.787,231.574,448.238,187.461,473.921,193.903,452.678,50.064,536.929,97.219,432.214,149.574,473.802,166.673,461.977
323.455,413.349,306.516,415.65,211.36,436.534,185.32,450.59,157.735,459.601,106.424,453.741,70.606,417.363,296.319,566.844,300.593,529.806,249.449,471.0,280.539,425.611,246.167,527.784,231.574,448.245,187.448,473.904,193.882,452.678,50.062,536.928,97.164,432.228,149.526,473.802,166.64,461.977
323.439,413.348,306.515,415.65,211.36,436.5,185.318,450.547,157.73,459.594,106.387,453.741,70.597,417.363,296.28,566.844,300.48,529.828,249.402,470.96,280.539,425.55,246.158,527.681,231.543,448.264,187.394,473.87,193.804,452.678,50.059,536.928,97.052,432.228,149.511,473.822,166.607,461.993
323.361,413.343,306.505,415.647,211.355,436.474,185.318,450.531,157.607,459.588,106.385,453.741,70.597,417.363,296.189,566.826,300.462,529.828,249.291,470.869,280.536,425.546,245.988,527.601,231.543,448.305,187.389,473.841,193.797,452.705,50.057,536.923,97.052,432.228,149.473,473.85,166.482,462.038
323.273,413.318,306.476,415.588,211.344,436.449,185.3,450.526,157.599,459.583,106.385,453.747,70.597,417.379,296.189,566.741,300.439,529.828,249.275,470.818,280.536,425.485,245.961,527.589,231.535,448.332,187.388,473.831,193.761,452.705,50.057,536.922,97.052,432.209,149.465,473.879,166.481,462.038
323.207,413.279,306.416,415.558,211.318,436.388,185.294,450.514,157.567,459.583,106.382,453.747,70.597,417.392,296.187,566.608,300.31,529.819,249.261,470.809,280.536,425.468,245.94,527.589,231.535,448.385,187.382,473.787,193.754,452.705,50.057,536.922,97.052,432.187,149.413,473.879,166.469,462.042
323.153,413.179,306.366,415.49,211.314,436.385,185.239,450.468,157.5,459.577,106.364,453.747,70.597,417.392,296.171,566.562,300.301,529.803,249.235,470.793,280.497,425.406,245.931,527.592,231.485,448.404,187.34,473.72,193.69,452.68,50.058,536.919,97.052,432.187,149.394,473.85,166.418,462.038
323.15,413.17,306.366,415.454,211.314,436.37,185.177,450.466,157.182,459.51,106.237,453.666,70.499,417.392,296.058,566.411,300.287,529.611,249.151,470.793,280.497,425.359,245.896,527.592,231.485,448.441,187.296,473.595,193.654,452.653,50.058,536.918,96.944,432.161,149.16,473.83,166.172,462.032
323.145,413.131,306.366,415.408,211.314,436.292,185.177,450.431,157.182,459.46,106.143,453.648,70.493,417.392,296.03,566.351,300.287,529.542,249.129,470.793,280.497,425.324,245.884,527.592,231.485,448.441,187.289,473.561,193.63,452.653,50.058,536.918,96.911,432.161,149.109,473.79,166.172,462.032
323.134,413.084,306.366,415.396,211.314,436.27,185.176,450.386,157.137,459.454,106.097,453.612,70.333,417.35,295.993,566.318,300.287,529.477,249.117,470.792,280.518,425.25,245.884,527.592,231.499,448.441,187.269,473.546,193.63,452.653,50.048,536.916,96.911,432.161,149.095,473.788,166.172,462.032
323.094,413.043,306.366,415.359,211.314,436.26,185.173,450.367,157.139,459.454,106.097,453.612,70.331,417.342,295.977,566.218,300.287,529.367,249.117,470.792,280.556,425.183,245.845,527.531,231.512,448.312,187.225,473.529,193.649,452.64,50.025,536.911,96.941,432.161,149.086,473.788,166.178,462.026
322.869,412.96,306.228,415.286,211.248,436.238,185.17,450.34,157.139,459.439,106.097,453.603,70.331,417.34,295.903,566.138,300.132,529.354,249.117,470.792,280.556,425.139,245.809,527.515,231.512,448.296,187.2,473.503,193.649,452.604,50.023,536.836,96.941,432.128,149.05,473.788,166.178,462.012
322.728,412.955,306.228,415.266,211.248,436.228,185.17,450.324,157.137,459.454,106.092,453.598,70.331,417.339,295.883,566.123,300.049,529.346,249.067,470.766,280.556,425.081,245.793,527.504,231.499,448.278,187.198,473.502,193.649,452.603,50.0,536.818,96.941,432.128,149.046,473.788,166.178,462.001
322.658,412.92,306.214,415.239,211.248,436.228,185.17,450.282,157.123,459.456,106.097,453.603,70.331,417.34,295.832,565.981,299.974,529.245,249.043,470.754,280.491,425.057,245.787,527.502,231.499,448.238,187.187,473.493,193.654,452.602,50.0,536.818,96.941,432.128,149.04,473.788,166.173,461.98
322.635,412.891,306.207,415.235,211.248,436.237,185.17,450.28,157.117,459.456,106.11,453.614,70.334,417.342,295.823,565.975,299.969,529.185,248.997,470.75,280.458,425.054,245.782,527.415,231.512,448.177,187.181,473.409,193.649,452.55,50.0,536.818,96.89,432.126,149.046,473.781,166.14,461.966
322.635,412.873,306.194,415.208,211.248,436.237,185.17,450.28,157.114,459.425,106.112,453.642,70.351,417.349,295.774,565.975,299.832,529.184,248.923,470.732,280.392,425.048,245.78,527.415,231.576,448.177,187.167,473.362,193.638,452.55,49.999,536.838,96.855,432.126,149.036,473.779,166.122,461.956
322.629,412.775,306.154,415.142,211.235,436.237,185.146,450.262,157.117,459.425,106.11,453.642,70.375,417.349,295.654,565.975,299.75,529.18,248.885,470.729,280.392,424.996,245.782,527.412,231.591,448.148,187.081,473.344,193.638,452.531,49.999,536.838,96.829,432.126,149.015,473.777,166.093,461.944
322.629,412.756,306.147,415.129,211.23,436.237,185.122,450.247,157.066,459.414,106.11,453.669,70.375,417.349,295.512,565.975,299.634,529.12,248.785,470.664,280.392,424.957,245.782,527.405,231.591,448.127,187.071,473.324,193.6,452.531,49.999,536.838,96.828,432.079,148.927,473.732,166.083,461.933
322.629,412.688,306.144,415.078,211.23,436.236,185.053,450.228,157.048,459.398,106.037,453.706,70.375,417.348,295.454,565.975,299.628,529.111,248.742,470.651,280.37,424.874,245.756,527.39,231.591,448.142,186.923,473.265,193.6,452.518,49.982,536.785,96.714,432.078,148.91,473.721,166.042,461.927
322.585,412.654,306.143,415.062,211.23,436.18,185.039,450.223,156.997,459.394,106.027,453.755,70.37,417.343,295.444,565.874,299.466,529.06,248.611,470.599,280.296,424.871,245.74,527.39,231.477,448.142,186.884,473.252,193.6,452.497,49.982,536.783,96.6,431.991,148.746,473.706,165.988,461.905
322.527,412.634,306.106,415.048,211.267,436.098,185.039,450.16,156.997,459.375,106.024,453.757,70.365,417.341,295.444,565.793,299.397,529.052,248.599,470.575,280.259,424.867,245.652,527.39,231.477,448.113,186.877,473.236,193.602,452.49,49.98,536.783,96.588,431.978,148.74,473.701,165.988,461.891
322.498,412.634,306.086,415.039,211.267,436.09,185.037,450.148,156.966,459.365,106.022,453.757,70.36,417.322,295.424,565.793,299.392,529.001,248.516,470.546,280.236,424.833,245.649,527.388,231.477,448.113,186.876,473.227,193.602,452.497,49.981,536.783,96.588,431.973,148.722,473.696,165.974,461.886
322.383,412.611,306.086,415.039,211.267,436.082,185.037,450.144,156.966,459.344,106.024,453.757,70.36,417.308,295.424,565.793,299.366,528.944,248.381,470.432,280.159,424.794,245.584,527.393,234.32,447.652,186.873,473.22,193.602,452.488,49.98,536.781,96.526,431.957,148.713,473.696,165.974,461.883
322.352,412.545,306.086,415.039,211.245,436.048,185.026,450.12,156.933,459.318,106.024,453.754,70.37,417.302,295.206,565.864,299.04,528.943,248.381,470.427,280.128,424.698,245.547,527.393,234.32,447.652,186.837,473.128,193.57,452.487,49.978,536.778,96.526,431.955,148.685,473.685,165.855,461.874
322.352,412.52,306.296,415.138,211.242,436.043,184.992,450.114,156.933,459.307,106.024,453.749,70.355,417.302,295.062,565.876,299.019,528.944,248.29,470.395,280.12,424.619,245.51,527.37,234.32,447.61,186.8,473.052,193.57,452.465,49.978,536.778,96.526,431.957,148.673,473.673,165.855,461.872
322.383,412.491,306.322,415.151,211.211,436.043,184.987,450.109,156.933,459.289,106.018,453.683,70.349,417.177,294.972,565.876,299.014,528.936,248.259,470.427,280.083,424.615,245.51,527.337,234.302,447.61,186.768,473.05,193.568,452.457,49.978,536.778,96.526,431.955,148.668,473.651,165.855,461.852
322.383,412.435,306.346,415.151,211.201,436.048,184.987,450.101,156.983,459.226,106.018,453.683,70.366,417.163,294.843,565.875,298.999,528.92,247.826,470.432,280.041,424.59,245.51,527.31,234.282,447.633,186.733,473.05,193.567,452.356,49.978,536.782,96.51,431.955,148.649,473.641,165.856,461.803
322.405,412.412,306.346,415.138,211.107,436.043,184.987,450.075,156.983,459.223,106.015,453.659,70.349,417.058,294.833,565.875,298.937,528.889,247.688,470.523,280.037,424.54,245.572,527.303,234.25,447.633,186.733,473.052,193.567,452.335,49.971,536.785,96.495,431.957,148.627,473.586,165.949,461.729
322.431,412.409,306.322,415.134,211.107,436.043,184.99,450.073,156.984,459.221,106.015,453.656,70.331,417.046,294.833,565.873,298.937,528.82,247.688,470.523,280.037,424.424,245.58,527.288,234.25,447.61,186.73,473.054,193.57,452.331,49.971,536.804,96.396,431.978,148.623,473.581,165.949,461.729
322.431,412.409,306.322,415.13,211.107,436.033,184.994,450.049,156.983,459.221,106.018,453.659,70.349,417.046,294.842,565.873,298.937,528.786,247.688,470.523,280.041,424.413,245.58,527.303,234.25,447.575,186.73,473.054,193.57,452.327,49.971,536.846,96.372,431.957,148.609,473.581,165.949,461.729
322.431,412.398,306.285,415.087,211.124,436.03,184.994,450.049,156.97,459.226,106.025,453.659,70.363,417.058,294.842,565.873,298.997,528.743,247.687,470.523,280.054,424.368,245.572,527.303,234.223,447.562,186.729,473.054,193.585,452.331,49.998,536.893,96.372,431.957,148.601,473.586,165.947,461.738
322.365,412.376,306.265,415.081,211.124,435.998,184.994,450.049,156.821,459.272,106.071,453.706,70.363,417.1,294.83,565.892,298.997,528.718,247.62,470.337,280.054,424.364,245.564,527.375,234.18,447.544,186.653,472.971,193.585,452.33,50.013,537.023,96.372,431.884,148.518,473.619,165.737,461.816
322.305,412.375,306.215,415.053,211.124,435.991,184.956,450.049,156.808,459.276,106.071,453.706,70.366,417.105,294.711,565.892,298.997,528.713,247.522,470.309,280.054,424.32,245.564,527.405,234.176,447.489,186.561,472.907,193.603,452.327,50.019,537.051,96.441,431.884,148.509,473.619,165.722,461.816
322.226,412.356,306.151,415.04,211.116,435.968,184.955,450.049,156.808,459.276,106.071,453.739,70.368,417.123,294.7,565.892,298.997,528.708,247.487,470.226,279.941,424.289,245.564,527.405,234.152,447.481,186.526,472.869,193.608,452.327,50.023,537.065,96.452,431.88,148.473,473.62,165.722,461.816
322.194,412.316,305.998,414.92,211.111,435.968,184.941,450.05,156.808,459.274,106.051,453.739,70.366,417.142,294.563,565.871,298.935,528.696,247.433,470.17,279.852,424.21,245.57,527.406,234.115,447.445,186.449,472.869,193.613,452.294,50.039,537.085,96.493,431.88,148.468,473.619,165.722,461.816
322.19,412.308,305.907,414.904,211.111,435.927,184.938,450.049,156.805,459.274,106.045,453.739,70.368,417.142,294.482,565.801,298.729,528.631,247.406,470.073,279.766,424.193,245.59,527.406,234.094,447.39,186.439,472.869,193.615,452.294,50.039,537.085,96.507,431.88,148.466,473.613,165.749,461.793
322.151,412.247,305.873,414.827,211.116,435.926,184.932,450.049,156.808,459.274,106.045,453.736,70.368,417.142,294.382,565.798,298.634,528.584,247.358,469.999,279.754,424.129,245.652,527.396,232.119,447.339,186.439,472.894,193.615,452.294,50.019,537.065,96.507,431.88,148.466,473.607,165.75,461.793
322.086,412.204,305.803,414.813,211.116,435.885,184.931,450.05,156.808,459.263,106.045,453.739,70.367,417.119,294.356,565.699,298.507,528.504,247.304,469.911,279.688,424.088,245.652,527.355,234.066,447.339,186.425,472.905,193.615,452.294,49.99,536.947,96.507,431.88,148.466,473.613,165.75,461.793
322.004,412.132,305.785,414.792,211.108,435.885,184.924,450.05,156.805,459.192,106.029,453.739,70.364,417.107,294.316,565.688,298.499,528.497,247.269,469.849,279.687,424.059,245.652,527.246,234.066,447.39,186.418,472.911,193.577,452.294,49.987,536.947,96.485,431.898,148.453,473.613,165.749,461.791
321.99,412.11,305.729,414.752,210.985,435.885,184.884,450.044,156.801,459.174,105.986,453.736,70.364,417.081,294.085,565.685,298.499,528.389,247.161,469.748,279.663,423.982,245.604,527.245,234.05,447.404,186.411,472.911,193.521,452.295,49.987,536.947,96.455,431.898,148.345,473.613,165.696,461.79
321.957,412.106,305.698,414.73,210.972,435.904,184.88,450.009,156.785,459.163,105.977,453.715,70.344,417.038,293.882,565.558,298.507,528.387,247.129,469.701,279.66,423.95,245.604,527.245,234.044,447.426,186.374,472.911,193.507,452.309,49.985,536.95,96.33,431.898,148.331,473.605,165.682,461.79
321.873,412.092,305.665,414.711,210.961,435.914,184.88,450.009,156.785,459.163,105.947,453.739,70.31,417.001,293.862,565.558,298.507,528.353,247.084,469.652,279.631,423.899,245.603,527.245,234.044,447.426,186.325,472.911,193.507,452.309,49.99,536.95,96.263,431.893,148.331,473.604,165.682,461.765
321.855,412.089,305.657,414.705,210.952,435.914,184.884,450.009,156.785,459.16,105.947,453.741,70.306,416.972,293.852,565.558,298.499,528.34,247.019,469.557,279.631,423.888,245.589,527.237,234.016,447.426,186.293,472.889,193.507,452.353,49.99,536.952,96.138,431.885,148.345,473.599,165.682,461.765
321.83,412.075,305.615,414.657,210.929,435.906,184.904,450.028,156.878,459.16,105.947,453.748,70.306,416.971,293.608,565.633,298.246,528.32,246.882,469.557,279.461,423.871,245.597,527.194,233.952,447.431,186.266,472.833,193.514,452.368,49.99,536.952,96.11,431.737,148.433,473.544,165.698,461.773
321.795,412.004,305.534,414.594,210.929,435.904,184.911,450.029,156.881,459.167,105.947,453.748,70.303,416.955,293.535,565.633,298.132,528.295,246.877,469.548,279.425,423.855,245.583,527.189,233.952,447.399,186.258,472.833,193.514,452.384,50.022,537.006,96.1,431.737,148.449,473.542,165.73,461.781
321.795,412.0,305.528,414.564,210.926,435.902,184.911,450.03,156.881,459.169,105.947,453.762,70.303,416.948,293.448,565.633,298.09,528.295,246.838,469.548,279.425,423.84,245.578,527.172,233.944,447.388,186.246,472.83,193.514,452.385,50.023,537.011,96.1,431.737,148.449,473.531,165.73,461.781
321.791,411.929,305.495,414.515,210.927,435.889,184.911,450.03,156.878,459.169,105.935,453.763,70.285,416.929,293.383,565.633,297.988,528.295,246.776,469.404,279.402,423.804,245.537,527.172,233.943,447.383,186.243,472.813,193.488,452.403,50.029,537.011,95.844,431.753,148.449,473.531,165.698,461.786
321.769,411.928,305.451,414.49,210.927,435.889,184.892,450.046,156.819,459.186,105.925,453.763,70.285,416.919,293.372,565.572,297.898,528.29,246.718,469.294,279.402,423.745,245.429,527.172,233.939,447.383,186.212,472.796,193.455,452.404,50.032,537.011,95.813,431.762,148.402,473.531,165.625,461.796
321.724,411.875,305.413,414.465,210.926,435.889,184.882,450.053,156.8,459.186,105.888,453.758,70.283,416.919,293.29,565.572,297.879,528.29,246.718,469.103,279.402,423.716,245.429,527.172,233.909,447.374,186.141,472.76,193.441,452.404,50.032,537.011,95.813,431.762,148.384,473.536,165.596,461.811
321.706,411.863,305.371,414.45,210.896,435.936,184.88,450.059,156.799,459.19,105.888,453.763,70.285,416.916,293.252,565.559,297.845,528.29,246.706,469.027,279.402,423.716,245.429,527.178,233.908,447.38,186.141,472.753,193.433,452.404,50.033,537.011,95.77,431.753,148.376,473.538,165.587,461.818
321.698,411.839,305.367,414.425,210.894,435.936,184.856,450.074,156.771,459.19,105.875,453.76,70.283,416.911,293.136,565.512,297.776,528.285,246.704,468.925,279.4,423.715,245.438,527.178,233.903,447.383,186.141,472.745,193.427,452.401,50.033,537.007,95.741,431.752,148.371,473.57,165.58,461.818
321.635,411.831,305.336,414.415,210.881,435.936,184.826,450.074,156.613,459.181,105.874,453.76,70.283,416.876,293.028,565.408,297.719,528.174,246.532,468.719,279.392,423.715,245.447,527.178,233.865,447.391,186.141,472.714,193.403,452.401,50.028,537.005,95.563,431.742,148.295,473.585,165.44,461.839
321.579,411.815,305.204,414.415,210.876,435.933,184.794,450.069,156.574,459.17,105.869,453.776,70.223,416.691,292.949,565.303,297.718,528.112,246.26,468.564,278.28,423.244,245.449,527.178,233.782,447.481,186.141,472.691,193.365,452.401,50.027,536.999,95.401,431.677,148.284,473.592,165.372,461.839
321.578,411.814,305.145,414.397,210.828,435.933,184.778,450.077,156.54,459.15,105.854,453.776,70.223,416.685,292.927,565.288,297.679,528.086,246.253,468.564,278.248,423.238,245.449,527.178,233.775,447.481,186.117,472.685,193.357,452.399,50.028,536.999,95.4,431.673,148.27,473.592,165.348,461.846
321.558,411.78,305.135,414.324,210.798,435.915,184.767,450.069,156.526,459.144,105.835,453.76,70.217,416.685,292.849,565.171,297.66,528.068,246.243,468.564,278.248,423.224,245.449,527.181,233.756,447.482,186.067,472.675,193.311,452.399,50.028,536.999,95.393,431.655,148.252,473.585,165.342,461.846
321.542,411.78,305.132,414.304,210.798,435.914,184.767,450.064,156.497,459.127,105.769,453.72,70.217,416.69,292.811,565.171,297.66,528.068,246.225,468.564,278.276,423.148,245.499,527.217,233.754,447.482,186.052,472.656,193.306,452.369,50.031,537.01,95.39,431.655,148.228,473.581,165.284,461.846
321.506,411.755,305.128,414.296,210.798,435.864,184.766,450.036,156.493,459.127,105.757,453.72,70.211,416.691,292.768,565.171,297.66,528.086,246.17,468.564,278.28,423.139,245.499,527.217,233.754,447.482,186.049,472.649,193.294,452.368,50.031,537.01,95.376,431.647,148.226,473.581,165.281,461.852
321.506,411.75,305.132,414.296,210.819,435.854,184.756,450.019,156.487,459.127,105.754,453.711,70.21,416.692,292.748,565.192,298.795,528.3,246.167,468.539,278.319,423.139,245.501,527.217,233.754,447.447,186.043,472.642,193.291,452.363,50.032,537.01,95.365,431.647,148.223,473.581,165.28,461.852
321.506,411.738,305.132,414.279,210.825,435.833,184.756,450.018,156.48,459.127,105.748,453.711,70.209,416.703,292.639,565.192,298.815,528.315,246.136,468.498,278.393,423.148,245.501,527.21,233.802,447.447,186.013,472.636,193.291,452.355,50.035,537.01,95.349,431.647,148.176,473.638,165.268,461.852
321.507,411.738,305.185,414.268,210.853,435.804,184.717,449.984,156.339,459.128,105.739,453.721,70.209,416.747,292.628,565.192,298.815,528.315,246.117,468.477,279.291,423.638,245.528,527.198,233.802,447.441,185.937,472.622,193.269,452.325,50.04,537.009,95.289,431.662,148.157,473.638,165.161,461.825
321.519,411.702,305.185,414.261,210.863,435.797,184.714,449.919,156.339,459.128,105.739,453.721,70.206,416.754,292.628,565.184,298.815,528.3,246.108,468.458,279.291,423.638,245.532,527.187,233.81,447.39,185.882,472.622,193.269,452.296,50.04,537.009,95.268,431.664,148.155,473.642,165.16,461.811
321.538,411.682,305.185,414.261,210.853,435.773,184.711,449.913,156.263,459.128,105.709,453.711,70.206,416.757,292.639,565.184,298.795,528.262,246.098,468.443,279.291,423.638,245.532,527.18,233.82,447.359,185.881,472.622,193.266,452.292,50.041,537.009,95.234,431.674,148.116,473.655,165.154,461.811
321.546,411.674,305.161,414.251,210.853,435.757,184.7,449.908,156.257,459.122,105.692,453.702,70.206,416.757,292.644,565.176,298.769,528.229,246.07,468.381,279.235,423.615,245.528,527.158,233.82,447.245,185.87,472.629,193.265,452.291,50.041,537.009,95.204,431.685,148.006,473.666,165.112,461.811
321.547,411.61,305.127,414.095,210.835,435.745,184.683,449.901,156.251,459.12,105.692,453.671,70.204,416.773,292.688,565.176,298.768,528.229,246.037,468.333,278.242,422.934,245.526,527.155,233.848,447.167,185.868,472.629,193.16,452.288,50.079,537.101,95.204,431.694,147.998,473.666,165.112,461.811
321.546,411.61,305.068,414.07,210.8,435.745,184.659,449.894,156.25,459.117,105.692,453.668,70.189,416.773,292.688,565.186,298.769,528.229,246.036,468.271,278.203,422.934,245.526,527.155,233.848,447.167,185.861,472.629,193.148,452.288,50.079,537.103,95.225,431.698,147.986,473.668,165.118,461.811
321.538,411.547,305.05,414.021,210.775,435.757,184.659,449.874,156.246,459.117,105.727,453.637,70.182,416.757,292.666,565.197,298.746,528.253,246.03,468.243,278.184,422.934,245.526,527.149,233.848,447.167,185.861,472.627,193.141,452.273,50.08,537.11,95.204,431.695,147.986,473.668,165.112,461.811
321.535,411.535,305.049,414.016,210.726,435.76,184.675,449.869,156.246,459.117,105.767,453.609,70.182,416.695,292.666,565.221,298.746,528.253,245.974,468.224,278.133,422.945,245.543,527.134,233.787,447.227,185.854,472.62,193.138,452.27,50.079,537.11,95.204,431.695,147.986,473.651,165.118,461.785
321.418,411.535,304.916,413.999,210.726,435.76,184.675,449.856,156.251,459.114,105.773,453.598,70.178,416.69,292.659,565.221,298.746,528.253,245.961,468.126,278.129,422.945,245.553,527.116,233.757,447.227,185.853,472.56,193.138,452.27,50.081,537.112,95.204,431.695,147.986,473.617,165.121,461.782
321.377,411.521,304.881,413.985,210.724,435.76,184.675,449.856,156.29,459.112,105.773,453.594,70.178,416.69,292.651,565.221,298.747,528.253,245.961,468.119,278.114,422.945,245.554,527.116,233.729,447.246,185.835,472.56,193.129,452.27,50.078,537.113,95.19,431.679,147.98,473.617,165.152,461.782
321.338,411.521,304.868,413.954,210.726,435.752,184.675,449.849,156.294,459.112,105.767,453.59,70.16,416.686,292.643,565.198,298.745,528.194,245.951,468.072,278.101,422.943,245.555,527.116,233.716,447.227,185.79,472.56,193.129,452.27,50.081,537.113,95.173,431.679,147.992,473.617,165.152,461.767
321.315,411.521,304.841,413.94,210.754,435.696,184.651,449.833,156.304,459.108,105.759,453.586,70.157,416.686,292.638,565.189,298.732,528.176,245.944,468.066,278.068,422.928,245.566,527.131,233.716,447.218,185.769,472.56,193.127,452.276,50.081,537.113,95.033,431.679,148.006,473.653,165.152,461.767
321.315,411.522,304.834,413.94,210.754,435.671,184.638,449.829,156.304,459.098,105.664,453.578,70.154,416.659,292.618,565.005,298.726,528.083,245.836,468.009,278.062,422.866,245.572,527.134,233.716,447.212,185.757,472.542,193.123,452.279,50.083,537.113,94.942,431.705,148.015,473.7,165.142,461.766
321.315,411.522,304.831,413.94,210.754,435.673,184.638,449.829,156.294,459.096,105.653,453.571,70.157,416.659,292.59,565.005,298.643,528.079,245.794,467.977,278.048,422.862,245.572,527.134,233.713,447.218,185.749,472.542,193.123,452.285,50.083,537.11,94.934,431.705,148.015,473.701,165.142,461.766
321.313,411.522,304.831,413.94,210.754,435.673,184.628,449.829,156.278,459.096,105.653,453.571,70.154,416.656,292.567,565.005,298.635,528.071,245.791,467.97,278.042,422.861,245.573,527.131,233.72,447.212,185.757,472.539,193.119,452.279,50.083,537.11,94.927,431.706,148.015,473.705,165.13,461.757
321.311,411.515,304.822,413.94,210.751,435.673,184.628,449.829,156.266,459.083,105.652,453.571,70.154,416.656,292.566,565.027,298.591,528.043,245.779,467.955,278.018,422.859,245.573,527.115,233.72,447.212,185.757,472.542,193.119,452.279,50.073,537.11,94.927,431.706,148.0,473.736,165.106,461.738
321.26,411.48,304.724,413.935,210.751,435.689,184.554,449.854,156.255,459.059,105.634,453.571,70.132,416.659,292.509,565.027,298.495,528.009,245.774,467.865,278.007,422.828,245.609,527.088,233.693,447.212,185.765,472.542,192.989,452.285,50.073,536.95,94.794,431.805,148.0,473.746,165.079,461.738
321.239,411.473,304.724,413.93,210.752,435.689,184.551,449.854,156.251,459.052,105.63,453.571,70.127,416.667,292.509,565.027,298.495,528.003,245.724,467.864,278.007,422.823,245.637,527.078,233.689,447.222,185.765,472.543,192.979,452.278,50.073,536.941,94.745,431.809,148.0,473.78,165.079,461.732
321.22,411.452,304.723,413.924,210.752,435.689,184.548,449.854,156.249,459.052,105.628,453.56,70.127,416.667,292.507,565.027,298.491,528.003,245.688,467.851,278.007,422.821,245.637,527.078,233.68,447.211,185.765,472.542,192.976,452.273,50.07,536.936,94.745,431.809,148.0,473.78,165.077,461.732
321.22,411.434,304.718,413.913,210.781,435.675,184.547,449.848,156.249,459.052,105.628,453.574,70.127,416.671,292.507,565.023,298.488,527.997,245.681,467.835,278.007,422.815,245.637,527.088,233.67,447.211,185.758,472.542,192.975,452.273,50.072,536.941,94.745,431.805,148.0,473.788,165.077,461.731
321.22,411.428,304.699,413.904,210.781,435.575,184.532,449.827,156.072,459.068,105.613,453.584,70.133,416.678,292.488,565.021,298.488,527.997,245.65,467.824,278.007,422.815,245.637,527.088,233.646,447.188,185.75,472.51,192.953,452.256,50.072,536.94,94.754,431.803,147.916,473.792,164.949,461.731
321.237,411.424,304.665,413.867,210.781,435.575,184.511,449.827,156.072,459.068,105.613,453.618,70.144,416.678,292.464,565.015,298.488,527.997,245.615,467.786,278.007,422.815,245.647,527.077,233.63,447.188,185.73,472.51,192.943,452.256,50.066,536.939,94.79,431.789,147.861,473.792,164.949,461.742
321.237,411.409,304.637,413.857,210.777,435.569,184.5,449.827,156.072,459.068,105.613,453.629,70.152,416.695,292.453,565.002,298.488,527.992,245.603,467.729,278.014,422.821,245.648,527.077,233.614,447.188,185.707,472.51,192.938,452.256,50.071,536.939,94.791,431.746,147.857,473.813,164.94,461.743
321.237,411.399,304.637,413.835,210.773,435.557,184.491,449.838,156.072,459.071,105.661,453.629,70.152,416.695,292.437,565.0,298.478,527.962,245.536,467.724,278.027,422.815,245.648,527.072,233.548,447.227,185.634,472.51,192.92,452.303,50.072,536.94,94.914,431.732,147.857,473.813,164.933,461.743
321.216,411.394,304.626,413.825,210.725,435.549,184.485,449.854,156.045,459.072,105.678,453.629,70.149,416.695,292.408,564.875,298.189,527.849,245.461,467.671,278.088,422.815,245.664,527.072,233.529,447.25,185.629,472.509,192.875,452.316,50.072,536.94,94.944,431.732,147.839,473.805,164.921,461.743
321.204,411.386,304.619,413.822,210.723,435.549,184.46,449.854,156.085,459.067,105.678,453.625,70.144,416.64,292.352,564.858,297.932,527.743,245.357,467.575,278.092,422.815,245.672,527.069,233.529,447.25,185.629,472.506,192.844,452.318,50.071,536.939,94.949,431.732,147.837,473.795,164.903,461.734
321.162,411.386,304.614,413.797,210.708,435.549,184.451,449.854,156.045,459.069,105.678,453.592,70.139,416.635,292.35,564.858,297.922,527.742,245.357,467.564,278.092,422.813,245.673,527.069,233.529,447.227,185.629,472.491,192.839,452.318,50.071,536.939,94.949,431.752,147.837,473.802,164.899,461.731
321.158,411.385,304.61,413.796,210.711,435.549,184.426,449.854,156.042,459.069,105.654,453.57,70.139,416.56,292.284,564.835,297.814,527.73,245.357,467.534,278.092,422.799,245.705,527.073,233.533,447.167,185.622,472.476,192.802,452.324,50.064,536.939,94.951,431.761,147.802,473.802,164.89,461.723
321.158,411.312,304.584,413.771,210.708,435.549,184.42,449.847,156.003,459.058,105.573,453.546,70.139,416.517,292.277,564.835,297.688,527.729,245.357,467.432,278.04,422.784,245.75,527.078,233.533,447.167,185.609,472.47,192.798,452.329,50.052,536.837,94.951,431.769,147.739,473.802,164.828,461.723
321.145,411.312,304.578,413.771,210.706,435.557,184.419,449.847,155.995,459.057,105.561,453.546,70.134,416.515,292.277,564.835,297.64,527.711,245.357,467.366,278.036,422.784,245.75,527.147,233.533,447.167,185.609,472.47,192.789,452.335,50.052,536.837,94.951,431.769,147.727,473.809,164.817,461.723
321.104,411.312,304.543,413.771,210.695,435.506,184.419,449.846,155.948,459.058,105.541,453.526,70.148,416.475,292.277,564.794,297.543,527.729,245.362,467.366,278.025,422.784,245.75,527.158,233.533,447.167,185.609,472.47,192.789,452.354,50.046,536.837,94.899,431.769,147.654,473.815,164.759,461.739
321.059,411.333,304.516,413.774,210.679,435.499,184.42,449.837,155.919,459.058,105.525,453.509,70.152,416.455,292.257,564.794,297.535,527.729,245.362,467.366,278.025,422.806,245.712,527.196,233.532,447.167,185.609,472.481,192.776,452.36,50.035,536.889,94.877,431.771,147.64,473.854,164.759,461.75
321.049,411.333,304.453,413.778,210.665,435.479,184.433,449.785,155.689,459.088,105.387,453.497,70.175,416.443,292.228,564.794,297.319,527.813,245.389,467.405,277.987,422.832,245.669,527.196,233.496,447.129,185.571,472.481,192.768,452.363,50.035,536.892,94.835,431.772,147.465,473.855,164.614,461.819
321.049,411.333,304.39,413.778,210.656,435.479,184.433,449.785,155.653,459.118,105.367,453.477,70.175,416.443,292.198,564.817,297.312,527.821,245.389,467.427,277.911,422.834,245.668,527.219,233.41,447.129,185.549,472.482,192.758,452.375,50.025,536.892,94.827,431.772,147.462,473.875,164.59,461.823
321.028,411.333,304.388,413.791,210.665,435.469,184.433,449.785,155.636,459.119,105.341,453.473,70.175,416.442,292.196,564.865,297.289,527.849,245.389,467.437,277.905,422.838,245.668,527.219,233.374,447.112,185.539,472.481,192.768,452.384,50.025,536.889,94.798,431.758,147.458,473.883,164.568,461.829
320.996,411.333,304.347,413.791,210.665,435.469,184.422,449.792,155.636,459.118,105.321,453.465,70.16,416.442,292.196,564.895,297.248,527.853,245.385,467.442,277.902,422.848,245.668,527.196,233.328,447.112,185.497,472.479,192.764,452.387,50.019,536.889,94.791,431.755,147.364,473.917,164.562,461.823
320.995,411.341,304.325,413.793,210.691,435.469,184.41,449.793,155.623,459.118,105.319,453.457,70.139,416.419,292.018,564.901,297.03,527.874,245.347,467.526,277.89,422.87,245.686,527.176,231.742,446.692,185.481,472.439,192.764,452.395,50.017,536.892,94.699,431.737,147.356,473.919,164.562,461.823
320.995,411.364,304.325,413.793,210.693,435.478,184.402,449.797,155.612,459.118,105.304,453.457,70.117,416.329,292.018,564.901,296.996,527.874,245.334,467.53,277.862,422.87,245.69,527.162,231.731,446.669,185.418,472.413,192.758,452.395,50.017,536.893,94.611,431.734,147.334,473.919,164.549,461.823
320.991,411.372,304.306,413.798,210.693,435.478,184.386,449.793,155.612,459.117,105.304,453.457,70.091,416.275,292.005,564.901,296.966,527.853,245.329,467.531,277.849,422.874,245.711,527.133,231.662,446.669,185.375,472.412,192.752,452.387,50.019,536.897,94.611,431.697,147.334,473.917,164.534,461.817
320.991,411.377,304.306,413.833,210.691,435.574,184.31,449.793,155.469,459.057,105.268,453.454,70.016,416.123,292.003,564.789,296.888,527.825,245.313,467.546,277.842,422.874,245.735,527.059,231.55,446.692,185.286,472.389,192.673,452.387,50.022,536.902,94.588,431.697,147.333,473.874,164.445,461.798
320.94,411.377,304.32,413.833,210.59,435.581,184.297,449.789,155.425,459.017,105.251,453.444,70.012,416.011,291.981,564.735,296.887,527.821,245.269,467.564,277.832,422.865,245.763,526.958,231.55,446.729,185.285,472.368,192.657,452.378,50.022,536.902,94.588,431.697,147.223,473.87,164.436,461.742
320.934,411.377,304.32,413.835,210.572,435.597,184.278,449.785,155.407,459.007,105.251,453.454,70.012,415.963,291.972,564.71,296.883,527.819,245.265,467.564,277.832,422.859,245.765,526.958,231.55,446.761,185.277,472.346,192.642,452.376,50.022,536.905,94.613,431.697,147.223,473.853,164.429,461.727
320.931,411.377,304.302,413.833,210.572,435.597,184.278,449.775,155.407,459.007,105.262,453.454,70.012,415.963,291.947,564.71,296.861,527.819,245.25,467.564,277.829,422.865,245.763,526.957,231.534,446.763,185.277,472.346,192.6,452.375,50.018,536.905,94.613,432.033,147.223,473.853,164.425,461.724
320.86,411.377,304.302,413.833,210.572,435.597,184.242,449.72,155.407,459.007,105.262,453.467,70.016,415.959,291.929,564.709,296.861,527.784,245.209,467.564,277.829,422.865,245.763,526.93,231.534,446.784,185.251,472.33,192.599,452.33,50.003,537.016,94.589,432.043,147.229,473.853,164.425,461.706
320.846,411.379,304.259,413.827,210.612,435.446,184.241,449.69,155.46,459.048,105.497,453.471,70.012,415.959,291.743,564.709,296.79,527.78,245.209,467.661,277.724,422.874,245.716,526.865,231.426,446.812,185.251,472.327,192.599,452.253,50.003,537.03,94.589,432.047,147.363,473.937,164.425,461.702
320.776,411.385,304.259,413.835,210.67,435.407,184.241,449.682,155.467,459.057,105.497,453.471,70.019,415.945,291.72,564.71,296.774,527.75,245.209,467.661,277.704,422.881,245.68,526.82,231.415,446.791,185.239,472.327,192.6,452.236,50.016,537.03,94.58,432.043,147.366,473.953,164.435,461.702
320.736,411.391,304.252,413.847,210.692,435.407,184.242,449.682,155.467,459.062,105.497,453.467,70.019,415.933,291.655,564.697,296.717,527.75,245.207,467.661,277.702,422.9,245.614,526.738,231.343,446.832,185.239,472.33,192.6,452.236,50.016,537.016,94.58,432.033,147.366,473.958,164.435,461.699
320.736,411.391,304.252,413.856,210.692,435.407,184.241,449.683,155.46,459.062,105.492,453.466,70.008,415.848,291.638,564.677,296.704,527.752,245.189,467.661,277.659,422.907,245.613,526.673,231.322,446.846,185.212,472.342,192.584,452.253,50.003,537.016,94.58,432.033,147.366,473.976,164.435,461.698
320.731,411.408,304.235,413.876,210.692,435.44,184.241,449.683,155.398,459.062,105.344,453.36,69.96,415.813,291.527,564.635,296.678,527.752,245.163,467.661,277.659,422.926,245.608,526.672,231.289,446.846,185.141,472.346,192.569,452.315,49.994,536.993,94.594,432.029,147.291,474.043,164.383,461.691
320.73,411.409,304.222,413.876,210.654,435.458,184.215,449.698,155.382,459.061,105.314,453.36,69.96,415.813,291.527,564.623,296.678,527.75,245.159,467.669,277.652,422.94,245.608,526.641,231.262,446.837,185.066,472.346,192.527,452.318,49.994,536.993,94.613,432.029,147.25,474.054,164.374,461.691
320.73,411.416,304.177,413.876,210.633,435.477,184.199,449.727,155.35,459.061,105.279,453.358,69.96,415.809,291.515,564.587,296.675,527.735,245.149,467.692,277.652,422.94,245.608,526.621,231.181,446.846,184.994,472.357,192.503,452.336,49.994,536.993,94.613,432.02,147.177,474.064,164.345,461.698
320.714,411.431,304.134,413.851,210.63,435.497,184.192,449.742,155.336,459.061,105.254,453.351,69.991,415.802,291.478,564.585,296.648,527.726,245.137,467.735,277.603,422.94,245.634,526.626,231.17,446.846,184.882,472.357,192.465,452.363,49.998,536.996,94.594,432.018,147.142,474.105,164.302,461.753
320.698,411.432,304.134,413.828,210.604,435.497,184.162,449.742,155.14,459.137,105.218,453.351,70.01,415.779,291.478,564.542,296.614,527.699,245.01,467.768,277.588,422.94,245.659,526.626,231.07,446.837,184.863,472.357,192.45,452.363,49.998,536.996,94.592,432.018,147.047,474.149,164.232,461.758
320.697,411.432,304.134,413.826,210.588,435.497,184.159,449.744,155.14,459.142,105.218,453.353,70.022,415.715,291.465,564.537,296.596,527.666,245.003,467.768,277.577,422.91,245.661,526.621,231.052,446.796,184.862,472.357,192.444,452.363,50.006,537.007,94.461,432.02,147.046,474.149,164.232,461.759
320.614,411.435,304.199,413.794,210.588,435.484,184.151,449.752,155.112,459.142,105.181,453.353,70.023,415.682,291.38,564.439,296.54,527.648,244.898,467.768,277.566,422.91,245.671,526.621,230.98,446.796,184.85,472.351,192.419,452.338,49.999,536.997,94.398,431.99,147.039,474.149,164.206,461.759
320.607,411.432,304.213,413.794,210.574,435.465,184.151,449.742,155.112,459.137,105.181,453.36,70.026,415.612,291.35,564.426,296.449,527.642,244.895,467.765,277.554,422.908,245.685,526.612,230.98,446.735,184.85,472.351,192.382,452.335,49.998,536.997,94.356,431.983,147.021,474.146,164.199,461.758
320.531,411.432,304.213,413.794,210.563,435.435,184.127,449.723,155.107,459.106,105.154,453.368,70.029,415.588,291.264,564.375,296.445,527.609,244.895,467.753,277.551,422.908,245.685,526.611,230.975,446.666,184.862,472.345,192.382,452.332,49.999,537.001,94.277,431.932,146.984,474.143,164.199,461.747
320.515,411.415,304.213,413.805,210.508,435.382,184.125,449.717,155.107,459.102,105.149,453.392,70.029,415.564,291.255,564.324,296.445,527.609,244.893,467.753,277.545,422.909,245.685,526.571,230.969,446.634,184.85,472.345,192.382,452.312,50.001,537.006,94.277,431.873,146.982,474.142,164.199,461.742
320.512,411.415,304.209,413.81,210.499,435.382,184.123,449.717,155.103,459.083,105.126,453.392,70.029,415.563,291.252,564.239,296.445,527.609,244.891,467.753,277.538,422.918,245.691,526.526,230.969,446.634,184.85,472.316,192.382,452.312,49.999,537.001,94.277,431.835,146.95,474.137,164.164,461.742
320.498,411.406,304.209,413.823,210.498,435.382,184.119,449.717,155.096,459.061,105.119,453.392,70.029,415.527,291.246,564.194,296.445,527.593,244.888,467.808,277.501,422.918,245.709,526.511,230.949,446.627,184.82,472.294,192.382,452.335,50.001,537.006,94.279,431.819,146.921,474.118,164.145,461.732
320.494,411.4,304.179,413.834,210.464,435.458,184.116,449.725,155.043,459.058,105.111,453.348,70.026,415.509,291.154,564.194,296.421,527.593,244.735,467.808,277.383,422.918,245.766,526.511,230.845,446.577,184.76,472.293,192.32,452.357,50.001,537.001,94.281,431.756,146.877,474.118,164.103,461.732
320.494,411.4,304.175,413.834,210.464,435.458,184.115,449.725,155.042,459.058,105.108,453.335,70.026,415.447,290.989,564.194,296.419,527.586,244.629,467.808,277.32,422.939,245.828,526.507,230.832,446.577,184.749,472.28,192.303,452.357,50.007,537.003,94.281,431.742,146.857,474.118,164.088,461.732
320.479,411.396,304.154,413.834,210.463,435.473,184.095,449.728,155.027,459.055,105.097,453.304,70.029,415.443,290.974,564.198,296.415,527.564,244.619,467.783,277.311,422.946,245.828,526.502,230.812,446.577,184.714,472.293,192.29,452.359,49.997,537.003,94.279,431.736,146.835,474.118,164.079,461.747
320.47,411.39,304.146,413.834,210.43,435.488,184.089,449.749,154.925,459.055,105.015,453.235,70.056,415.423,290.77,564.257,296.336,527.5,244.574,467.778,277.263,422.98,245.828,526.496,230.809,446.562,184.714,472.294,192.263,452.363,49.997,537.006,94.131,431.687,146.796,474.137,163.983,461.752
320.387,411.38,303.992,413.826,210.327,435.488,184.089,449.749,154.867,459.025,104.853,453.214,70.075,415.301,290.684,564.257,296.071,527.42,244.566,467.755,277.222,423.007,245.839,526.491,230.809,446.555,184.714,472.37,192.191,452.403,49.997,537.003,94.04,431.687,146.609,474.157,163.927,461.756
320.301,411.377,303.954,413.826,210.327,435.453,184.089,449.743,154.846,459.024,104.834,453.199,70.075,415.265,290.672,564.257,296.071,527.418,244.483,467.755,277.171,423.009,245.839,526.491,230.753,446.551,184.706,472.37,192.191,452.403,49.998,537.005,93.996,431.687,146.609,474.183,163.927,461.756
320.291,411.365,303.944,413.826,210.327,435.453,184.089,449.743,154.846,459.022,104.834,453.199,70.056,415.26,290.663,564.257,296.071,527.418,244.46,467.761,277.165,423.009,245.839,526.491,230.715,446.484,184.714,472.388,192.191,452.403,49.997,537.005,93.941,431.688,146.609,474.183,163.927,461.755
320.279,411.361,303.942,413.804,210.341,435.378,184.1,449.74,154.867,459.017,104.834,453.214,70.049,415.195,290.649,564.257,296.071,527.42,244.426,467.772,277.154,423.007,245.901,526.495,230.69,446.401,184.714,472.388,192.266,452.384,49.997,537.002,93.916,431.695,146.624,474.183,163.929,461.755
320.291,411.361,303.942,413.76,210.349,435.355,184.1,449.727,154.894,459.017,104.864,453.214,70.049,415.171,290.473,564.216,296.097,527.429,244.426,467.761,277.129,423.017,245.901,526.495,230.488,446.388,184.704,472.381,192.283,452.364,49.998,537.002,93.892,431.695,146.624,474.183,163.929,461.742
320.291,411.361,303.944,413.76,210.358,435.332,184.1,449.714,154.903,459.01,104.867,453.202,70.049,415.1,290.356,564.187,296.097,527.429,244.426,467.772,277.064,423.017,245.909,526.511,230.462,446.373,184.671,472.381,192.283,452.36,50.016,536.995,93.87,431.695,146.624,474.171,163.94,461.73
320.291,411.361,303.944,413.749,210.358,435.299,184.061,449.673,154.903,458.976,104.908,453.202,70.049,415.003,290.324,564.187,296.028,527.429,244.417,467.802,277.039,422.989,245.914,526.5,230.444,446.388,184.668,472.381,192.283,452.319,50.016,536.995,93.743,431.632,146.605,474.129,163.94,461.725
320.272,411.361,303.942,413.749,210.349,435.288,184.022,449.637,154.894,458.958,104.923,453.187,70.065,414.998,290.322,564.181,296.017,527.417,244.417,467.799,276.935,422.989,245.927,526.5,230.444,446.401,184.504,472.379,192.247,452.312,50.031,536.995,93.716,431.436,146.604,474.129,163.906,461.725
320.252,411.285,303.794,413.61,210.267,435.244,183.991,449.622,154.821,458.942,104.923,453.066,70.069,414.794,290.132,564.085,295.845,527.373,244.297,467.799,276.869,422.942,245.939,526.514,230.444,446.633,184.434,472.314,192.204,452.306,50.031,536.968,93.693,431.436,146.575,474.129,163.813,461.725
320.236,411.284,303.786,413.603,210.267,435.204,183.991,449.597,154.821,458.926,104.923,453.066,70.088,414.793,290.132,564.024,295.813,527.312,244.263,467.802,276.862,422.942,245.966,526.529,230.43,446.633,184.416,472.228,192.204,452.306,50.035,536.968,93.692,431.436,146.533,474.145,163.813,461.725
320.234,411.284,303.748,413.603,210.267,435.173,183.991,449.573,154.821,458.904,104.899,453.059,70.096,414.77,290.102,563.911,295.804,527.312,244.257,467.853,276.783,422.942,245.968,526.529,230.43,446.633,184.39,472.223,192.204,452.306,50.041,536.984,93.664,431.457,146.461,474.156,163.782,461.725
320.23,411.284,303.713,413.594,210.29,435.157,184.001,449.549,154.807,458.826,104.899,453.041,70.135,414.672,290.076,563.873,295.79,527.289,244.232,467.845,276.656,422.963,245.984,526.53,230.43,446.633,184.38,472.204,192.209,452.3,50.045,536.984,93.658,431.463,146.395,474.156,163.771,461.725
320.226,411.29,303.713,413.59,210.29,435.157,184.001,449.521,154.783,458.803,104.899,453.022,70.135,414.634,290.042,563.869,295.49,527.286,244.165,467.857,276.656,422.963,245.984,526.534,230.314,446.655,184.345,472.204,192.209,452.299,50.064,537.006,93.614,431.537,146.395,474.168,163.721,461.658
320.191,411.29,303.711,413.59,210.29,435.157,184.005,449.514,154.791,458.797,104.908,453.016,70.135,414.634,290.006,563.851,295.468,527.289,244.132,467.857,276.649,422.963,246.015,526.547,230.296,446.628,184.345,472.204,192.22,452.288,50.064,537.006,93.614,431.609,146.395,474.17,163.741,461.651
320.191,411.29,303.711,413.59,210.285,435.188,184.001,449.513,154.783,458.797,104.909,453.012,70.138,414.625,289.986,563.82,295.409,527.289,244.056,467.878,276.649,422.961,246.0,526.556,230.259,446.655,184.345,472.204,192.209,452.288,50.064,537.008,93.614,431.644,146.412,474.17,163.721,461.651
320.191,411.278,303.711,413.59,210.199,435.205,183.995,449.504,154.774,458.797,104.919,453.012,70.142,414.617,289.981,563.806,295.4,527.233,244.055,467.906,276.6,422.946,246.0,526.564,230.195,446.669,184.345,472.226,192.196,452.299,50.064,537.01,93.614,431.676,146.412,474.182,163.706,461.651
320.195,411.274,303.665,413.597,210.074,435.244,183.952,449.497,154.711,458.867,104.981,452.919,70.196,414.448,289.976,563.711,295.362,527.227,243.899,467.91,276.6,422.925,246.0,526.589,230.183,446.655,184.345,472.317,192.018,452.343,50.064,537.01,93.615,431.688,146.412,474.232,163.652,461.698
320.2,411.274,303.618,413.597,209.864,435.317,183.87,449.497,154.695,458.867,104.987,452.9,70.21,414.414,289.976,563.698,295.362,527.217,243.799,467.906,276.594,422.916,246.0,526.589,230.159,446.611,184.126,472.348,191.849,452.379,50.061,537.006,93.615,431.702,146.405,474.247,163.622,461.707
320.216,411.278,303.618,413.597,209.779,435.357,183.844,449.497,154.672,458.868,105.043,452.894,70.947,414.091,289.952,563.667,295.346,527.129,243.748,467.906,276.568,422.871,246.0,526.625,230.141,446.609,184.05,472.373,191.82,452.379,50.061,537.006,93.604,431.714,146.349,474.253,163.585,461.712
320.233,411.278,303.618,413.593,209.664,435.363,183.786,449.454,154.427,458.868,105.055,452.894,70.947,413.963,289.856,563.607,295.24,527.114,243.705,467.894,276.416,422.804,246.007,526.63,230.06,446.585,184.037,472.376,191.753,452.379,50.03,536.979,93.539,431.716,146.25,474.312,163.353,461.712
320.233,411.274,303.624,413.593,209.653,435.363,183.779,449.389,154.427,458.872,105.055,452.894,70.916,413.925,289.716,563.587,295.22,527.1,243.565,467.869,276.406,422.784,246.144,526.683,230.056,446.564,183.983,472.376,191.744,452.29,50.03,536.971,93.35,431.84,146.239,474.312,163.353,461.712
320.234,411.271,303.624,413.593,209.637,435.37,183.749,449.389,154.408,458.881,105.043,452.894,70.916,413.849,289.657,563.579,295.203,527.097,243.546,467.866,276.389,422.761,246.157,526.688,230.056,446.535,183.959,472.376,191.741,452.289,50.029,536.969,93.302,431.84,146.233,474.312,163.333,461.709
320.233,411.261,303.625,413.587,209.636,435.37,183.749,449.387,154.408,458.888,105.043,452.894,70.907,413.8,289.657,563.515,295.203,527.075,243.506,467.866,276.357,422.761,246.187,526.703,230.018,446.528,183.977,472.329,191.741,452.289,50.029,536.97,93.29,431.84,146.233,474.312,163.333,461.709
320.231,411.261,303.625,413.577,209.619,435.407,183.749,449.381,154.389,458.896,105.027,452.888,70.905,413.676,289.62,563.514,295.183,527.051,243.506,467.866,276.352,422.761,246.219,526.751,229.991,446.525,183.977,472.329,191.741,452.29,50.023,536.97,93.289,431.793,146.233,474.342,163.308,461.709
320.204,411.264,303.634,413.532,209.615,435.418,183.749,449.352,154.3,458.901,104.997,452.878,70.883,413.663,289.62,563.409,295.183,527.036,243.424,467.893,276.339,422.8,246.278,526.848,229.955,446.525,183.977,472.329,191.715,452.311,50.019,536.97,93.259,431.782,146.222,474.379,163.215,461.724
320.191,411.264,303.647,413.508,209.611,435.418,183.749,449.342,154.076,458.911,104.953,452.857,70.873,413.603,289.603,563.409,295.087,527.019,243.412,467.915,276.24,422.805,246.282,526.873,229.903,446.514,183.977,472.329,191.704,452.375,50.019,536.97,93.256,431.782,146.175,474.399,163.014,461.743
320.188,411.264,303.647,413.5,209.522,435.418,183.749,449.29,154.029,458.911,104.922,452.843,70.801,413.442,289.542,563.409,295.087,527.006,243.399,467.961,276.236,422.814,246.282,526.873,229.879,446.514,183.977,472.329,191.715,452.375,50.019,536.97,93.239,431.783,146.161,474.485,162.971,461.743
320.191,411.264,303.638,413.471,209.515,435.406,183.744,449.275,153.995,458.911,104.912,452.802,70.775,413.338,289.431,563.408,294.988,526.945,243.394,467.961,276.207,422.817,246.278,526.873,229.879,446.58,183.93,472.386,191.715,452.392,50.023,536.966,93.23,431.787,146.161,474.499,162.937,461.746
320.191,411.228,303.634,413.466,209.515,435.332,183.73,449.254,153.926,458.837,104.896,452.786,70.775,413.333,289.381,563.408,294.911,526.935,243.393,467.967,276.077,422.826,246.127,526.659,229.875,446.58,183.924,472.386,191.655,452.392,50.032,536.972,93.186,431.787,146.147,474.538,162.863,461.746
320.244,411.194,303.589,413.428,209.522,435.294,183.73,449.251,153.88,458.83,104.843,452.761,70.775,413.332,289.381,563.4,294.811,526.771,243.381,467.981,276.044,422.826,246.103,526.642,229.875,446.514,183.924,472.35,191.655,452.366,50.06,536.967,93.186,431.787,146.128,474.616,162.76,461.75
320.244,411.176,303.586,413.415,209.554,435.22,183.744,449.179,153.827,458.801,104.843,452.747,70.805,413.296,289.38,563.334,294.697,526.76,243.375,468.022,276.044,422.817,246.09,526.628,229.821,446.44,183.93,472.344,191.704,452.349,50.065,536.967,93.186,431.787,146.126,474.618,162.721,461.75
320.244,411.134,303.579,413.358,209.637,435.185,183.752,449.032,153.827,458.799,104.863,452.738,70.807,413.24,289.378,563.331,294.62,526.648,243.375,468.022,276.044,422.817,246.057,526.593,229.782,446.286,183.924,472.349,191.692,452.194,50.11,536.973,93.335,431.779,146.081,474.632,162.721,461.75
320.158,411.044,303.513,413.29,209.637,435.164,183.756,449.032,153.88,458.787,104.896,452.729,70.924,413.203,289.325,563.318,294.553,526.648,243.364,468.035,276.055,422.766,246.045,526.581,229.782,446.19,183.913,472.344,191.692,452.194,50.111,536.984,93.379,431.75,146.08,474.632,162.76,461.747
320.158,411.044,303.513,413.27,209.637,435.164,183.756,449.032,153.908,458.718,104.905,452.714,70.999,413.16,289.208,563.318,294.511,526.648,243.341,468.035,276.055,422.766,246.014,526.581,229.795,446.131,183.92,472.344,191.692,452.192,50.113,536.984,93.38,431.681,146.042,474.643,162.877,461.723
320.157,411.044,303.503,413.27,209.626,435.164,183.752,449.032,153.908,458.718,104.906,452.714,71.0,413.177,289.203,563.331,294.352,526.726,243.318,468.035,276.055,422.761,246.011,526.562,229.747,446.092,183.909,472.349,191.692,452.194,50.115,536.988,93.385,431.666,146.021,474.643,162.877,461.723
320.157,411.044,303.503,413.27,209.621,435.171,183.748,449.037,153.908,458.718,104.906,452.686,71.028,413.16,289.128,563.377,294.14,526.756,243.29,467.977,276.025,422.759,246.014,526.562,229.74,446.064,183.886,472.378,191.656,452.195,50.115,536.984,93.405,431.658,145.998,474.643,162.877,461.723
319.958,411.028,303.388,413.27,209.55,435.191,183.709,449.039,153.822,458.729,104.905,452.624,71.133,413.148,289.085,563.43,294.073,526.776,243.286,467.941,275.933,422.722,246.045,526.516,229.653,446.035,183.809,472.412,191.534,452.294,50.141,536.984,93.387,431.657,145.898,474.709,162.713,461.78
319.928,411.015,303.345,413.257,209.443,435.191,183.602,449.039,153.776,458.738,104.902,452.574,71.156,413.068,289.047,563.43,294.073,526.81,243.233,467.941,275.922,422.715,246.058,526.501,229.611,445.962,183.668,472.412,191.354,452.294,50.141,536.988,93.387,431.657,145.898,474.722,162.628,461.78
319.906,411.014,303.269,413.257,209.371,435.171,183.589,449.05,153.755,458.738,104.866,452.554,71.16,413.056,289.044,563.43,294.059,526.81,243.169,467.923,275.892,422.708,246.121,526.488,229.561,445.961,183.668,472.412,191.353,452.294,50.141,536.966,93.385,431.658,145.884,474.722,162.603,461.78
319.876,410.964,303.234,413.257,209.347,435.134,183.574,449.05,153.745,458.735,104.858,452.548,71.185,413.029,288.993,563.407,294.023,526.776,243.038,467.923,275.89,422.705,246.122,526.501,229.497,445.893,183.668,472.382,191.352,452.286,50.139,536.922,93.387,431.735,145.881,474.735,162.601,461.782
319.777,410.904,303.164,413.225,209.369,435.128,183.552,449.038,153.594,458.73,104.734,452.246,71.262,412.801,288.941,563.372,293.959,526.769,243.035,467.923,275.89,422.693,246.149,526.511,229.493,445.768,183.697,472.381,191.352,452.241,50.137,536.922,93.387,431.772,145.819,474.735,162.574,461.78
319.763,410.901,303.16,413.174,209.371,435.116,183.552,449.034,153.588,458.735,104.734,452.215,71.262,412.783,288.941,563.368,293.874,526.763,243.033,467.929,275.89,422.692,246.174,526.511,229.487,445.75,183.697,472.381,191.352,452.241,50.137,536.95,93.38,431.797,145.78,474.735,162.563,461.782
319.738,410.86,303.07,413.164,209.369,435.116,183.551,449.034,153.585,458.73,104.719,452.215,71.262,412.773,288.941,563.343,293.87,526.744,243.021,467.929,275.83,422.677,246.174,526.532,229.487,445.75,183.697,472.381,191.352,452.241,50.137,536.95,93.38,431.824,145.756,474.735,162.562,461.784
319.686,410.86,302.971,413.164,209.369,435.114,183.551,449.032,153.558,458.735,104.719,452.211,71.262,412.768,288.945,563.337,293.83,526.722,243.008,467.951,275.758,422.692,246.19,526.582,229.497,445.75,183.691,472.406,191.346,452.248,50.14,537.01,93.38,431.868,145.675,474.735,162.523,461.822
319.669,410.86,302.944,413.162,209.369,435.114,183.546,449.032,153.453,458.727,104.617,452.208,71.247,412.679,288.96,563.32,293.586,526.713,242.872,467.966,275.684,422.691,246.221,526.638,229.488,445.744,183.564,472.406,191.238,452.418,50.149,537.01,93.314,431.868,145.582,474.735,162.355,461.871
319.622,410.877,302.869,413.162,209.3,435.114,183.481,449.032,153.363,458.727,104.494,452.197,71.244,412.55,288.986,563.306,293.467,526.7,242.868,467.99,275.602,422.691,246.252,526.64,229.488,445.734,183.506,472.41,191.168,452.46,50.149,537.01,93.307,431.868,145.467,474.741,162.3,461.877
319.62,410.888,302.869,413.164,209.279,435.114,183.443,449.045,153.315,458.727,104.432,452.191,71.247,412.536,288.996,563.29,293.445,526.647,242.844,468.003,275.529,422.684,246.252,526.645,229.511,445.744,183.399,472.41,191.106,452.487,50.149,537.01,93.218,431.811,145.415,474.741,162.259,461.879
319.599,410.888,302.849,413.162,209.219,435.114,183.342,449.064,153.25,458.735,104.404,452.173,71.257,412.521,288.996,563.29,293.442,526.645,242.698,468.014,275.459,422.684,246.252,526.675,229.555,445.779,183.268,472.41,190.959,452.554,50.148,537.01,93.198,431.811,145.388,474.741,162.213,461.883
319.573,410.877,302.841,413.162,209.15,435.066,183.261,449.079,153.211,458.749,104.404,452.158,71.257,412.519,288.996,563.274,293.397,526.618,242.616,468.014,275.423,422.618,246.239,526.709,229.977,447.823,183.268,472.411,190.864,452.566,50.133,536.992,93.198,431.811,145.291,474.743,162.104,461.9
319.555,410.867,302.811,413.158,209.15,435.066,183.224,449.079,153.209,458.757,104.404,452.15,71.316,412.519,288.974,563.274,293.339,526.563,242.596,468.014,275.421,422.611,246.239,526.714,229.992,447.829,183.268,472.412,190.819,452.566,50.133,536.992,93.218,431.829,145.273,474.757,162.103,461.9
319.521,410.852,302.811,413.144,209.15,435.066,183.178,449.064,153.124,458.761,104.404,452.143,71.433,412.508,288.93,563.261,293.276,526.541,242.461,467.98,275.421,422.59,246.239,526.774,229.992,447.837,183.294,472.433,190.795,452.566,50.133,536.992,93.136,431.847,145.266,474.763,162.092,461.9
319.46,410.827,302.758,413.134,209.167,435.014,183.178,449.055,153.124,458.761,104.404,452.133,71.465,412.508,288.889,563.269,293.213,526.514,242.447,467.972,275.371,422.589,246.255,526.807,229.992,447.829,183.341,472.455,190.791,452.49,50.138,537.002,93.138,431.864,145.273,474.788,162.089,461.88
319.448,410.775,302.71,413.104,209.167,435.007,183.178,448.981,153.114,458.762,104.378,452.089,71.465,412.453,288.877,563.269,293.167,526.49,242.435,467.894,275.347,422.589,246.268,526.807,229.992,447.829,183.342,472.491,190.783,452.483,50.141,537.005,93.138,431.887,145.264,474.833,162.069,461.88
319.44,410.736,302.626,413.078,209.167,435.014,183.162,448.981,153.094,458.762,104.352,452.089,71.465,412.348,288.866,563.261,293.152,526.466,242.424,467.878,275.321,422.589,246.301,526.807,229.997,447.837,183.342,472.491,190.776,452.483,50.144,537.009,93.136,431.899,145.264,474.846,162.068,461.88
319.44,410.697,302.574,413.074,209.166,435.014,183.162,448.981,153.054,458.767,104.229,452.022,71.42,412.132,288.851,563.255,293.145,526.465,242.423,467.859,275.32,422.589,246.302,526.801,230.005,447.849,183.342,472.501,190.763,452.49,50.144,537.01,93.084,431.92,145.227,474.851,162.035,461.901
319.439,410.697,302.574,413.05,209.156,435.075,183.162,449.033,153.054,458.767,104.229,451.907,71.413,412.132,288.866,563.218,293.144,526.451,242.262,467.859,275.32,422.532,246.302,526.801,230.005,447.849,183.342,472.501,190.719,452.519,50.144,537.01,93.084,432.039,145.204,474.851,162.068,461.901
319.439,410.697,302.574,413.05,209.156,435.075,183.162,449.033,153.054,458.767,104.229,451.907,71.413,412.105,288.866,563.215,293.144,526.447,242.262,467.859,275.289,422.532,246.301,526.794,230.005,447.849,183.342,472.501,190.719,452.519,50.144,537.01,93.015,432.039,145.204,474.851,162.068,461.901
319.258,410.792,302.543,413.05,209.13,435.115,182.859,449.095,152.943,458.702,104.329,451.627,71.413,411.927,288.888,563.116,293.076,526.447,242.094,467.862,275.288,422.525,246.226,526.326,229.827,447.752,183.034,472.501,190.458,452.735,50.066,536.737,92.681,432.104,145.001,474.672,162.364,460.67
319.17,410.792,302.543,413.075,209.13,435.132,182.852,449.1,152.942,458.7,104.33,451.6,71.419,411.838,288.888,563.104,292.985,526.451,242.094,467.862,275.232,422.498,246.226,526.326,229.81,447.698,182.992,472.506,190.457,452.741,50.063,536.737,92.681,432.105,145.001,474.672,162.364,460.669
318.978,410.792,302.458,413.081,209.082,435.167,182.793,449.1,152.942,458.699,104.336,451.599,71.419,411.735,288.888,563.095,292.981,526.479,242.094,467.862,275.195,422.496,246.226,526.326,229.81,447.655,182.992,472.506,190.336,452.746,50.063,536.737,92.676,432.117,145.001,474.672,162.364,460.669
318.955,410.754,302.359,413.081,209.077,435.189,182.77,449.095,152.937,458.695,104.33,451.599,71.42,411.734,288.873,563.036,292.951,526.484,242.094,467.862,275.106,422.496,246.275,526.344,229.826,447.649,182.992,472.554,190.333,452.79,50.063,536.737,92.675,432.12,144.998,474.683,162.355,460.669
318.947,410.738,302.275,413.081,209.068,435.189,182.755,449.067,152.93,458.686,104.329,451.586,71.42,411.726,288.857,563.02,292.951,526.522,242.094,467.862,275.066,422.486,246.275,526.347,229.826,447.521,183.027,472.559,190.316,452.791,50.067,536.737,92.675,432.129,144.998,474.683,162.31,460.669
318.906,410.718,302.25,413.067,208.99,435.189,182.688,449.058,152.78,458.647,104.227,451.586,71.549,411.696,288.835,562.985,292.918,526.525,242.065,467.893,275.052,422.479,246.275,526.365,229.923,447.458,183.764,472.832,190.111,452.88,50.067,536.741,92.632,432.129,144.966,474.683,162.049,460.67
318.906,410.673,302.247,413.052,208.971,435.193,182.614,449.058,152.752,458.637,104.217,451.57,71.549,411.536,288.835,562.985,292.903,526.532,241.78,467.918,275.035,422.471,246.274,526.374,229.923,447.458,183.767,472.836,190.046,452.903,50.068,536.741,92.55,432.142,144.912,474.661,161.989,460.673
318.892,410.664,302.225,413.001,208.968,435.169,182.608,449.062,152.725,458.637,104.182,451.537,71.557,411.529,288.835,562.973,292.903,526.525,241.739,467.984,275.004,422.471,246.274,526.412,229.923,447.437,183.767,472.836,190.045,452.907,50.068,536.744,92.539,432.15,144.887,474.661,161.989,460.67
318.888,410.664,302.225,412.97,208.968,435.125,182.599,449.062,152.725,458.625,104.182,451.454,71.569,411.508,288.859,562.931,292.903,526.525,241.573,467.991,274.973,422.457,246.243,526.414,229.923,447.43,183.764,472.836,190.035,452.911,50.066,536.75,92.463,432.15,144.887,474.661,161.989,460.662
318.888,410.64,302.181,412.966,208.914,435.109,182.53,449.057,152.718,458.625,104.182,451.447,71.586,411.495,288.934,562.813,292.741,526.502,241.549,468.038,274.869,422.436,246.187,526.435,229.906,447.43,183.591,472.838,189.964,452.917,50.028,536.819,92.38,432.171,144.872,474.681,161.936,460.663
318.887,410.64,302.18,412.966,208.869,435.109,182.502,449.033,152.718,458.575,104.166,451.424,71.586,411.48,288.985,562.756,292.72,526.444,241.547,468.079,274.831,422.422,246.187,526.445,229.9,447.43,183.579,472.897,189.87,452.919,50.018,536.819,92.347,432.175,144.853,474.681,161.933,460.636
318.876,410.63,302.176,412.952,208.863,435.109,182.485,449.02,152.716,458.565,104.166,451.398,71.586,411.469,289.019,562.712,291.1,526.444,241.497,468.109,274.796,422.411,246.172,526.457,229.862,447.429,183.574,472.897,189.865,452.919,50.018,536.822,92.319,432.175,144.853,474.681,161.875,460.635
318.876,410.63,302.165,412.952,208.738,435.164,182.379,448.995,152.714,458.544,104.166,451.32,71.487,411.294,289.019,562.712,291.011,526.444,241.482,468.111,274.769,422.405,246.159,526.487,229.862,447.429,183.568,472.898,189.759,452.924,50.028,536.836,92.273,432.237,144.765,474.686,161.866,460.6
318.862,410.608,302.159,412.952,208.738,435.164,182.364,448.986,152.704,458.544,104.078,451.239,71.477,410.941,289.019,562.702,290.992,526.45,241.477,468.111,274.752,422.329,246.123,526.488,229.862,447.429,183.54,472.897,189.73,452.924,50.082,536.991,92.096,432.331,144.725,474.684,161.848,460.598
318.807,410.531,302.052,412.869,208.738,435.171,182.354,448.979,152.704,458.519,104.048,451.196,71.471,410.909,288.925,562.68,290.992,526.45,241.475,468.113,274.706,422.296,246.123,526.51,229.936,447.453,183.532,472.907,189.709,452.919,50.11,536.991,91.943,432.395,144.683,474.67,161.835,460.591
318.807,410.531,302.052,412.849,208.758,435.164,182.332,448.964,152.693,458.517,104.0,451.143,71.47,410.909,288.907,562.617,290.962,526.45,241.437,468.169,274.704,422.223,246.123,526.51,229.936,447.429,183.532,472.881,189.706,452.915,50.11,536.991,91.848,432.426,144.678,474.672,161.821,460.58
318.79,410.531,302.052,412.817,208.832,435.138,182.324,448.812,152.704,458.516,104.0,451.141,71.463,410.905,288.851,562.388,290.954,526.379,241.417,468.27,274.698,422.221,246.151,526.51,229.936,447.417,183.431,472.857,189.645,452.843,50.093,536.904,91.793,432.485,144.678,474.674,161.821,460.58
318.79,410.58,302.062,412.792,208.832,435.138,182.308,448.809,152.672,458.483,103.977,451.043,71.456,410.905,288.851,562.326,290.882,526.375,241.186,468.369,274.698,422.149,246.191,526.496,229.865,447.291,183.411,472.855,189.623,452.814,50.091,536.903,91.782,432.495,144.647,474.673,161.794,460.556
318.79,410.6,302.062,412.791,208.832,435.138,182.3,448.8,152.665,458.483,103.948,451.038,71.451,410.902,288.851,562.288,290.879,526.375,241.131,468.413,274.698,422.122,246.194,526.496,229.861,447.291,183.393,472.852,189.62,452.79,50.093,536.903,91.752,432.527,144.641,474.672,161.784,460.556
318.719,410.6,302.062,412.783,208.779,435.138,182.275,448.809,152.665,458.483,103.948,450.978,71.419,410.887,288.844,562.288,290.845,526.375,241.125,468.413,274.698,422.114,246.191,526.496,229.846,447.282,183.376,472.852,189.623,452.729,50.093,536.898,91.707,432.6,144.641,474.672,161.784,460.556
318.719,410.6,302.039,412.783,208.772,435.143,182.237,448.812,152.489,458.511,103.944,450.951,71.416,410.653,288.837,562.288,290.841,526.375,241.082,468.372,274.687,422.089,246.165,526.518,229.846,447.282,183.281,472.852,189.645,452.723,50.149,536.898,91.652,432.617,144.46,474.626,161.642,460.568
318.719,410.576,301.954,412.783,208.529,435.215,182.119,448.821,152.335,458.534,103.938,450.857,71.347,410.652,288.648,562.309,290.798,526.38,241.048,468.369,274.635,422.077,246.191,526.519,229.865,447.281,183.255,472.883,190.422,452.041,50.149,536.898,91.526,432.684,144.453,474.626,161.511,460.581
318.719,410.57,301.922,412.796,208.411,435.226,182.1,448.821,152.294,458.534,103.944,450.855,71.339,410.652,288.616,562.322,290.772,526.4,241.028,468.372,274.604,422.075,246.165,526.549,229.877,447.209,183.238,472.932,190.422,452.031,50.149,536.898,91.524,432.684,144.399,474.626,161.459,460.591
318.719,410.569,301.877,412.804,208.382,435.227,182.045,448.821,152.25,458.534,103.938,450.855,71.339,410.652,288.596,562.338,290.798,526.4,240.962,468.37,274.573,422.049,246.155,526.557,229.877,447.208,183.217,473.01,190.422,452.005,50.134,536.872,91.477,432.684,144.358,474.643,161.409,460.596
318.698,410.548,301.806,412.854,208.304,435.228,182.001,448.81,152.24,458.506,103.937,450.855,71.339,410.741,288.589,562.322,290.798,526.38,240.939,468.37,274.564,422.049,246.165,526.586,229.877,447.176,183.199,473.085,190.349,452.005,50.134,536.872,91.459,432.629,144.358,474.688,161.371,460.598
318.698,410.472,301.613,412.854,206.676,435.561,181.96,448.805,152.24,458.505,103.908,450.933,71.366,410.751,288.584,562.338,290.853,526.362,240.889,468.376,274.463,422.049,246.132,526.586,229.847,447.173,183.197,473.085,190.339,452.004,50.132,536.872,91.322,432.599,144.358,474.694,161.371,460.598
318.69,410.426,301.556,412.854,206.667,435.561,181.954,448.798,152.24,458.504,103.907,450.951,71.366,410.751,288.561,562.35,290.853,526.362,240.88,468.376,274.457,422.049,246.125,526.586,229.844,447.139,183.197,473.085,190.338,451.996,50.132,536.88,91.303,432.599,144.365,474.696,161.371,460.598
318.69,410.426,301.556,412.85,206.622,435.561,181.953,448.798,152.24,458.493,103.902,450.962,71.366,410.751,288.553,562.338,290.853,526.348,240.873,468.37,274.443,422.046,246.125,526.602,229.844,447.132,183.179,473.066,190.332,451.995,50.133,536.88,91.265,432.599,144.365,474.696,161.371,460.597
318.698,410.421,301.538,412.846,206.516,435.523,181.928,448.796,152.24,458.493,103.891,450.991,71.338,410.741,288.546,562.322,290.849,526.348,240.828,468.263,274.438,421.994,246.125,526.586,229.847,447.132,183.174,473.066,190.293,451.995,50.133,536.88,91.245,432.618,144.365,474.694,161.371,460.592
318.666,410.421,301.49,412.791,206.453,435.49,181.871,448.773,152.172,458.484,103.787,451.003,71.335,410.588,288.528,562.265,290.722,526.275,240.824,468.263,274.391,421.963,246.125,526.586,229.874,447.132,183.173,473.061,190.223,451.996,50.133,536.878,91.236,432.625,144.297,474.689,161.319,460.588
318.616,410.421,301.389,412.791,206.44,435.49,181.846,448.74,152.126,458.493,103.787,451.003,71.316,410.575,288.489,562.264,290.695,526.27,240.781,468.263,274.368,421.95,246.136,526.659,229.874,447.153,183.127,473.04,190.195,452.001,50.133,536.878,91.227,432.63,144.252,474.673,161.28,460.582
318.429,410.385,301.383,412.746,206.382,435.49,181.82,448.733,152.11,458.494,103.751,451.003,71.316,410.566,288.461,562.225,290.63,526.261,240.753,468.272,274.291,421.938,246.148,526.659,229.874,447.196,183.079,473.032,190.146,452.001,50.133,536.878,91.226,432.662,144.237,474.657,161.25,460.582
318.419,410.215,301.342,412.745,206.271,435.49,181.787,448.697,152.101,458.501,103.745,450.991,71.315,410.557,288.445,562.225,290.56,526.261,240.711,468.331,274.255,421.923,246.148,526.671,229.867,447.216,183.024,473.032,190.107,452.018,50.132,536.878,91.226,432.666,144.215,474.657,161.243,460.588
318.419,410.215,301.342,412.737,206.267,435.49,181.044,448.67,152.051,458.518,103.697,450.945,71.315,410.556,288.369,562.186,290.56,526.261,240.705,468.451,274.241,421.916,246.2,526.698,229.866,447.22,183.01,473.032,190.053,452.028,50.106,536.878,91.11,432.675,144.085,474.657,161.22,460.591
318.429,410.192,301.336,412.732,206.213,435.478,181.042,448.632,151.962,458.518,103.624,450.909,71.315,410.557,288.359,562.186,290.552,526.27,240.703,468.484,274.241,421.886,246.231,526.735,229.837,447.226,182.996,473.043,190.039,452.053,50.078,536.674,91.059,432.675,143.951,474.703,161.182,460.606
318.429,410.192,301.335,412.731,206.213,435.446,181.042,448.632,151.954,458.518,103.605,450.896,71.315,410.557,288.356,562.173,290.552,526.282,240.619,468.577,274.197,421.877,246.231,526.764,229.788,447.237,182.996,473.043,190.039,452.053,50.074,536.641,90.994,432.679,143.915,474.707,161.168,460.611
318.418,410.115,301.328,412.702,206.178,435.408,180.96,448.632,151.945,458.527,103.582,450.896,71.315,410.511,288.335,562.146,290.513,526.282,240.552,468.585,274.19,421.864,246.32,526.774,229.788,447.237,182.982,473.043,190.029,452.053,50.042,536.557,90.953,432.707,143.912,474.774,161.159,460.615
318.305,410.091,301.216,412.656,206.115,435.325,180.959,448.691,151.858,458.533,103.528,450.901,71.323,410.481,288.335,562.043,290.51,526.273,240.481,468.71,274.104,421.856,246.384,526.89,229.788,447.237,182.971,472.956,190.021,452.053,50.042,536.557,90.841,432.766,143.912,474.781,161.093,460.615
318.156,410.091,301.083,412.656,206.051,435.312,180.909,448.691,151.854,458.581,103.528,450.901,71.283,410.371,288.335,562.018,290.51,526.286,240.437,468.71,274.096,421.856,246.394,526.89,229.788,447.2,182.98,472.956,190.004,452.089,50.042,536.555,90.832,432.789,143.909,474.852,161.051,460.643
318.144,410.115,301.046,412.647,206.033,435.312,180.901,448.691,151.801,458.609,103.528,450.888,71.339,410.361,288.335,561.998,290.49,526.281,240.427,468.71,274.033,421.864,246.394,526.89,229.788,447.2,182.98,472.956,190.004,452.105,50.046,536.555,90.785,432.853,143.855,474.874,161.031,460.644
318.123,410.102,301.005,412.593,206.028,435.32,180.894,448.68,151.77,458.609,103.532,450.888,71.347,410.327,288.303,561.998,290.49,526.281,240.409,468.633,273.935,421.891,246.395,526.878,229.773,447.199,182.971,472.992,189.994,452.117,50.046,536.555,90.748,432.89,143.85,474.879,161.022,460.662
318.101,410.091,300.949,412.576,205.929,435.32,180.884,448.679,151.753,458.609,103.565,450.873,71.347,410.329,288.146,562.018,290.483,526.281,240.343,468.583,273.875,421.891,246.395,526.878,229.773,447.199,182.778,473.065,189.928,452.14,50.047,536.555,90.739,432.927,143.829,474.918,160.951,460.705
318.046,410.074,300.872,412.556,205.929,435.329,180.883,448.663,151.753,458.6,103.605,450.852,71.347,410.329,287.918,562.033,290.414,526.281,240.325,468.58,273.837,421.891,246.395,526.878,229.773,447.199,182.745,473.065,189.912,452.14,50.049,536.555,90.747,432.934,143.829,474.918,160.951,460.705
318.016,410.045,300.839,412.536,205.929,435.342,180.876,448.663,151.753,458.58,103.605,450.852,71.347,410.327,287.867,562.033,290.395,526.267,240.295,468.58,273.823,421.86,246.395,526.876,229.773,447.174,182.735,473.065,189.912,452.149,50.049,536.555,90.739,432.939,143.823,474.918,160.951,460.705
317.966,410.045,300.81,412.524,205.919,435.346,180.872,448.663,151.786,458.579,103.605,450.852,71.347,410.322,287.858,562.033,290.323,526.198,240.216,468.58,273.822,421.848,246.395,526.876,229.773,447.124,182.73,473.062,189.907,452.149,50.05,536.556,90.739,432.946,143.829,474.914,160.964,460.691
317.948,410.045,300.748,412.524,205.904,435.346,180.86,448.661,151.791,458.566,103.474,450.877,71.351,410.202,287.808,562.104,290.202,526.149,240.141,468.59,273.822,421.836,246.281,526.876,229.753,447.124,182.728,473.053,189.884,452.153,50.055,536.649,90.615,432.986,143.83,474.914,160.969,460.652
317.934,410.042,300.717,412.556,205.904,435.346,180.814,448.663,151.791,458.555,103.473,450.894,71.367,410.202,287.807,562.067,290.186,526.137,240.096,468.625,273.782,421.815,246.281,526.86,229.679,447.124,182.717,473.053,189.827,452.158,50.061,536.672,90.609,432.986,143.83,474.914,160.969,460.651
317.928,410.042,300.709,412.535,205.866,435.344,180.806,448.677,151.786,458.555,103.44,450.894,71.37,410.202,287.708,562.067,290.121,526.137,240.068,468.653,273.761,421.812,246.281,526.86,229.611,447.127,182.708,473.061,189.808,452.167,50.061,536.703,90.58,432.986,143.813,474.928,160.964,460.651
317.877,410.009,300.702,412.535,205.783,435.332,180.747,448.686,151.785,458.555,103.421,450.932,71.393,410.205,287.696,562.067,290.103,526.149,239.999,468.653,273.699,421.801,246.287,526.86,229.608,447.162,182.641,473.061,189.723,452.173,50.061,536.703,90.58,432.986,143.788,474.94,160.933,460.651
317.82,409.964,300.635,412.535,205.774,435.305,180.738,448.709,151.702,458.555,103.413,450.935,71.415,410.227,287.523,562.132,290.018,526.215,239.909,468.625,273.604,421.79,246.287,526.908,229.485,447.2,182.603,473.075,189.709,452.182,49.995,536.71,90.58,432.988,143.731,474.984,160.86,460.656
317.813,409.932,300.59,412.425,205.774,435.253,180.738,448.709,151.702,458.614,103.413,450.94,71.415,410.227,287.497,562.132,289.962,526.235,239.708,467.324,273.491,421.79,246.32,526.908,229.482,447.221,182.568,473.111,189.694,452.182,49.995,536.707,90.58,433.007,143.731,475.052,160.825,460.741
317.785,409.842,300.523,412.416,205.774,435.246,180.738,448.709,151.702,458.655,103.421,450.947,71.422,410.227,287.488,562.155,289.962,526.235,239.694,467.312,273.491,421.787,246.362,526.94,229.482,447.221,182.568,473.121,189.688,452.178,49.995,536.71,90.614,433.007,143.731,475.075,160.775,460.804
317.778,409.836,300.505,412.375,205.77,435.237,180.738,448.687,151.72,458.655,103.421,450.984,71.422,410.226,287.488,562.203,289.962,526.235,239.676,467.299,273.436,421.779,246.372,526.963,229.482,447.235,182.568,473.121,189.679,452.178,49.996,536.707,90.614,433.007,143.764,475.112,160.775,460.805
317.773,409.833,300.477,412.364,205.685,435.223,180.735,448.687,151.774,458.655,103.413,450.993,71.412,410.166,287.488,562.203,289.927,526.171,239.671,467.299,273.396,421.77,246.372,526.963,229.488,447.287,182.61,473.121,189.659,452.167,49.998,536.707,90.614,433.003,143.826,475.119,160.775,460.805
317.717,409.826,300.44,412.327,205.637,435.223,180.683,448.687,151.774,458.648,103.328,451.025,70.43,409.79,287.489,562.203,289.927,526.149,239.645,467.299,273.312,421.755,246.372,526.941,229.49,447.235,182.61,473.1,189.638,452.154,49.999,536.706,90.57,433.002,143.832,475.119,160.79,460.805
317.704,409.836,300.438,412.325,205.578,435.226,180.658,448.694,151.774,458.648,103.301,451.035,70.43,409.79,287.501,562.043,289.823,526.137,239.645,467.299,273.301,421.755,246.372,526.941,229.512,447.235,182.61,473.1,189.606,452.154,49.998,536.706,90.515,433.002,143.832,475.119,160.79,460.797
317.642,409.825,300.412,412.322,205.517,435.237,180.58,448.697,151.74,458.648,103.2,451.026,70.43,409.79,287.501,561.863,289.807,526.121,239.595,467.299,273.29,421.77,246.347,526.963,229.49,447.244,182.606,473.1,189.571,452.154,49.996,536.703,90.512,433.003,143.832,475.119,160.79,460.797
317.522,409.825,300.228,412.288,205.487,435.28,180.516,448.762,151.319,459.823,103.164,451.046,70.43,409.811,287.489,561.733,289.745,526.099,239.536,467.301,273.182,421.806,246.347,526.986,229.49,447.287,182.499,473.16,189.57,452.154,49.992,536.706,90.407,433.07,143.749,475.166,160.758,460.797
317.507,409.825,300.189,412.245,205.436,435.338,180.452,448.813,151.229,459.844,103.164,451.059,70.424,409.823,287.408,561.584,289.733,526.083,239.534,467.302,273.093,421.832,246.347,526.994,229.398,447.3,182.361,473.284,189.491,452.227,49.992,536.709,90.407,433.087,143.678,475.199,160.694,460.83
317.34,409.825,300.124,412.196,205.415,435.338,180.448,448.817,151.195,459.852,103.139,451.058,70.424,409.832,287.198,561.511,289.705,526.08,239.534,467.393,273.058,421.844,246.374,526.996,229.384,447.356,182.334,473.306,189.469,452.227,49.991,536.709,90.407,433.09,143.651,475.206,160.645,460.834
317.292,409.744,300.085,412.128,205.408,435.343,180.423,448.823,151.143,459.869,103.134,451.06,70.424,409.832,287.142,561.503,289.677,526.067,239.536,467.402,272.992,421.881,246.386,526.998,229.329,447.377,182.33,473.338,189.439,452.242,49.991,536.682,90.443,433.096,143.648,475.242,160.621,460.836
317.279,409.738,300.084,412.094,205.355,435.346,180.368,448.826,150.878,459.914,103.134,451.061,70.424,409.831,287.142,561.42,289.672,526.035,239.532,467.441,272.974,421.897,246.454,527.087,229.322,447.422,182.323,473.306,189.437,452.242,49.991,536.684,90.443,433.097,143.628,475.244,160.384,460.901
317.264,409.727,300.078,412.082,205.342,435.346,180.364,448.826,150.872,459.936,103.134,451.061,70.429,409.831,287.142,561.406,289.58,525.981,239.558,467.461,272.881,421.897,246.475,527.103,229.322,447.523,182.323,473.284,189.403,452.235,49.991,536.682,90.443,433.097,143.624,475.253,160.347,460.919
317.258,409.722,300.084,412.059,205.334,435.348,180.361,448.836,150.871,459.948,103.125,451.058,70.431,409.831,287.142,561.335,289.58,525.97,239.56,467.461,272.871,421.91,246.475,527.126,229.295,447.544,182.323,473.263,189.39,452.235,49.991,536.68,90.42,433.104,143.624,475.259,160.345,460.922
317.231,409.646,300.084,412.058,205.314,435.388,180.297,448.836,150.843,459.966,103.125,451.052,70.432,409.83,287.145,561.279,289.58,525.906,239.56,467.441,272.869,421.919,246.476,527.181,229.273,447.557,182.277,473.263,189.343,452.249,50.047,536.678,90.322,433.104,143.624,475.273,160.31,460.923
317.225,409.642,300.103,411.984,205.192,435.4,180.261,448.852,150.806,459.969,103.028,451.005,70.496,409.533,287.196,561.257,289.58,525.886,239.571,467.433,272.768,421.919,246.477,527.201,229.221,447.593,182.245,473.229,189.295,452.249,50.059,536.678,90.254,433.163,143.599,475.259,160.298,460.947
317.18,409.638,300.103,411.969,205.075,435.4,180.193,448.852,150.805,459.969,103.019,450.991,70.514,409.533,287.17,561.231,289.58,525.87,239.571,467.433,272.762,421.919,246.477,527.238,229.218,447.603,182.09,473.223,189.196,452.295,50.059,536.676,90.212,433.169,143.582,475.259,160.28,460.947
317.18,409.595,300.103,411.969,205.075,435.4,180.193,448.852,150.761,459.966,102.999,450.979,70.515,409.533,287.157,561.174,289.485,525.822,239.571,467.431,272.757,421.919,246.477,527.238,229.206,447.603,182.07,473.223,189.196,452.306,50.059,536.678,90.211,433.192,143.53,475.251,160.231,460.96
317.163,409.56,300.034,411.933,205.075,435.345,180.187,448.837,150.741,459.938,102.959,450.941,70.517,409.533,287.157,561.12,289.485,525.722,239.51,467.392,272.688,421.828,246.477,527.238,229.206,447.593,182.066,473.189,189.196,452.319,50.051,536.678,90.074,433.206,143.5,475.241,160.208,460.967
317.152,409.514,300.022,411.901,205.198,435.228,180.169,448.797,150.731,459.931,102.951,450.936,70.521,409.533,287.157,560.933,289.485,525.704,239.454,467.35,272.688,421.814,246.492,527.118,229.206,447.469,182.033,473.152,189.185,452.323,49.972,536.691,90.023,433.23,143.499,475.241,160.092,460.986
317.108,409.471,299.961,411.855,205.243,435.21,180.169,448.787,150.731,459.842,102.896,450.918,70.537,409.474,287.13,560.831,289.556,525.704,239.454,467.307,272.688,421.795,246.513,527.118,229.199,447.455,182.0,473.101,189.196,452.323,49.966,536.696,90.019,433.23,143.457,475.234,160.044,460.986
317.072,409.451,299.943,411.848,205.27,435.187,180.203,448.713,150.716,459.841,102.886,450.9,70.581,409.464,287.001,560.818,289.569,525.718,239.454,467.248,272.713,421.785,246.513,527.118,229.199,447.455,182.0,473.101,189.211,452.323,49.961,536.699,89.997,433.227,143.425,475.234,160.04,460.998
317.036,409.407,299.934,411.816,205.337,435.119,180.178,448.699,150.716,459.815,102.867,450.9,70.589,409.378,286.956,560.785,289.569,525.718,239.454,467.23,272.713,421.785,246.513,527.144,229.167,447.455,181.998,473.137,189.196,452.326,49.961,536.697,89.904,433.227,143.41,475.239,160.008,460.998
317.008,409.403,299.866,411.808,205.349,435.101,180.178,448.699,150.716,459.815,102.873,450.905,70.612,409.378,286.952,560.758,289.556,525.718,239.454,467.225,272.713,421.785,246.48,527.192,229.047,447.525,181.998,473.137,189.177,452.326,49.966,536.699,89.846,433.224,143.411,475.246,159.991,460.988
316.96,409.403,299.838,411.805,205.35,435.093,180.178,448.696,150.716,459.811,102.873,450.905,70.614,409.378,286.952,560.758,289.535,525.718,239.443,467.193,272.63,421.785,246.48,527.192,229.01,447.532,181.992,473.169,189.152,452.316,49.966,536.699,89.837,433.223,143.411,475.239,159.991,460.988
316.938,409.407,299.828,411.781,205.349,435.068,180.151,448.699,150.711,459.811,102.837,450.905,70.612,409.372,286.952,560.74,289.409,525.716,239.37,467.189,272.543,421.785,246.48,527.192,228.874,447.532,181.97,473.21,189.148,452.316,49.965,536.699,89.82,433.223,143.392,475.251,159.984,460.988
316.932,409.412,299.785,411.78,205.337,435.068,180.119,448.696,150.681,459.799,102.826,450.905,70.589,409.362,288.203,560.597,289.376,525.695,239.365,467.189,272.502,421.785,246.48,527.169,228.844,447.532,181.883,473.21,189.119,452.299,49.965,536.697,89.82,433.224,143.388,475.258,159.929,460.947
316.927,409.441,299.773,411.777,205.276,434.991,180.032,448.689,150.63,459.761,102.664,450.858,70.586,409.268,288.203,560.223,289.206,525.659,239.358,467.131,272.49,421.773,246.473,527.145,228.736,447.501,181.87,473.21,189.099,452.291,49.965,536.699,89.82,433.228,143.356,475.279,159.929,460.939
316.905,409.441,299.761,411.777,205.272,434.991,180.032,448.656,150.627,459.759,102.558,450.815,70.532,409.116,288.203,560.161,289.125,525.641,239.365,467.131,272.49,421.762,246.437,527.11,228.736,447.485,181.851,473.21,189.063,452.291,49.965,536.698,89.791,433.259,143.323,475.279,159.878,460.939
316.878,409.441,299.75,411.776,205.234,434.991,180.026,448.656,150.62,459.75,102.557,450.802,70.505,409.076,288.197,560.158,289.112,525.641,239.358,467.11,272.489,421.75,246.431,527.075,228.723,447.467,181.831,473.21,188.992,452.291,49.968,536.696,89.758,433.259,143.281,475.284,159.856,460.947
316.799,409.371,299.719,411.752,205.234,434.986,180.026,448.656,150.613,459.746,102.519,450.778,70.503,409.065,288.18,560.158,288.983,525.626,239.341,467.101,272.489,421.762,246.398,527.062,228.715,447.467,181.828,473.213,188.955,452.32,49.972,536.696,89.702,433.269,143.249,475.302,159.844,460.961
316.791,409.346,299.641,411.699,205.081,434.986,179.967,448.702,150.495,459.742,102.408,450.718,70.499,409.037,288.176,560.158,288.983,525.556,239.135,467.037,272.385,421.762,246.323,527.062,228.644,447.488,181.807,473.235,188.955,452.332,49.988,536.696,89.702,433.32,143.218,475.315,159.789,460.973
316.791,409.334,299.61,411.68,205.048,434.986,179.951,448.702,150.364,459.717,102.364,450.576,70.449,408.934,288.137,560.161,288.983,525.556,239.088,467.018,272.381,421.749,246.28,526.99,228.536,447.467,181.807,473.235,188.928,452.332,49.996,536.696,89.691,433.32,143.169,475.356,159.705,460.973
316.789,409.333,299.597,411.672,205.046,434.935,179.92,448.702,150.354,459.717,102.364,450.56,70.446,408.84,288.098,560.17,288.93,525.556,239.054,466.985,272.367,421.749,246.273,526.989,228.514,447.488,181.807,473.248,188.913,452.32,49.998,536.696,89.702,433.32,143.136,475.356,159.685,460.973
316.784,409.33,299.595,411.668,204.916,434.934,179.901,448.644,150.311,459.717,102.364,450.501,70.428,408.735,288.036,560.182,288.927,525.568,238.986,466.88,272.358,421.734,246.23,526.945,228.479,447.491,181.807,473.248,188.849,452.276,50.0,536.726,89.722,433.315,143.089,475.356,159.649,460.917
316.691,409.288,299.537,411.668,204.796,434.934,179.837,448.644,150.287,459.717,102.414,450.463,70.425,408.732,287.931,561.994,288.862,525.721,238.975,466.863,272.303,421.73,246.19,526.945,228.42,447.493,181.791,473.248,188.752,452.276,50.005,536.726,89.731,433.276,143.084,475.356,159.64,460.917
316.685,409.271,299.521,411.675,204.757,434.935,179.813,448.644,150.284,459.717,102.414,450.437,70.425,408.732,287.84,561.998,288.844,525.771,238.974,466.838,272.254,421.722,246.189,526.945,228.418,447.506,181.738,473.272,188.716,452.276,50.005,536.726,89.731,433.273,143.078,475.34,159.627,460.917
316.637,409.27,299.512,411.668,204.682,434.952,179.801,448.645,150.28,459.717,102.414,450.424,70.42,408.73,287.821,561.998,288.826,525.788,238.975,466.838,272.193,421.694,246.189,526.985,228.383,447.589,181.731,473.34,188.679,452.321,50.005,536.696,89.731,433.273,143.061,475.34,159.613,460.917
316.623,409.173,299.494,411.668,204.682,434.952,179.8,448.645,150.256,459.714,102.377,450.352,70.425,408.708,287.765,561.995,288.796,525.788,238.975,466.838,272.188,421.685,246.189,526.985,228.328,447.589,181.587,473.34,188.646,452.326,50.0,536.696,89.679,433.27,143.026,475.336,159.593,460.917
316.612,409.15,299.477,411.603,204.624,434.952,179.783,448.649,150.247,459.68,102.286,450.344,70.425,408.679,287.696,561.994,288.719,525.788,238.961,466.932,272.178,421.683,246.232,526.985,228.3,447.596,181.569,473.34,188.616,452.383,50.0,536.696,89.679,433.27,143.009,475.345,159.587,460.89
316.612,409.14,299.475,411.547,204.598,434.945,179.78,448.645,150.242,459.652,102.17,450.309,70.445,408.654,287.664,561.983,288.719,525.715,238.961,466.935,272.162,421.679,246.257,526.984,228.293,447.596,181.517,473.336,188.582,452.383,49.998,536.703,89.657,433.27,142.997,475.345,159.566,460.89
316.597,409.14,299.471,411.534,204.624,434.93,179.78,448.637,150.234,459.646,102.122,450.296,70.469,408.634,287.655,560.138,288.716,525.669,238.961,466.935,272.162,421.675,246.27,526.984,228.271,447.589,181.517,473.312,188.582,452.383,49.998,536.704,89.624,433.27,142.988,475.358,159.566,460.89
316.597,409.14,299.471,411.519,204.682,434.869,179.782,448.582,150.189,459.637,102.108,450.261,70.472,408.558,287.596,560.138,288.673,525.669,238.951,466.935,272.178,421.652,246.289,526.984,228.26,447.534,181.509,473.312,188.582,452.317,50.0,536.705,89.545,433.222,142.984,475.358,159.523,460.895
316.477,409.168,299.399,411.519,204.747,434.72,179.78,448.546,150.183,459.619,102.072,450.131,70.472,408.547,287.52,560.138,288.556,525.669,238.911,466.909,272.333,421.648,246.295,527.052,228.259,447.387,181.493,473.316,188.62,452.246,50.0,536.705,89.449,433.215,142.983,475.358,159.508,460.907
316.476,409.178,299.389,411.519,204.747,434.704,179.774,448.546,150.159,459.599,102.067,450.081,70.472,408.478,287.433,560.232,288.524,525.659,238.84,466.803,272.335,421.648,246.32,527.052,228.246,447.372,181.444,473.336,188.62,452.246,49.99,536.705,89.41,433.209,142.897,475.342,159.503,460.907
316.463,409.178,299.375,411.519,204.747,434.697,179.733,448.546,150.133,459.599,102.021,450.032,70.444,408.357,287.396,560.249,288.518,525.652,238.809,466.792,272.335,421.648,246.323,527.06,228.243,447.328,181.357,473.349,188.62,452.246,49.936,536.585,89.41,433.209,142.884,475.342,159.489,460.907
316.46,409.178,299.373,411.514,204.692,434.689,179.614,448.595,150.124,459.599,101.98,449.969,70.434,408.327,287.396,560.257,288.518,525.652,238.748,466.792,272.333,421.664,246.365,527.071,228.173,447.325,181.283,473.406,188.506,452.258,49.936,536.585,89.403,433.209,142.852,475.342,159.467,460.907
316.422,409.154,299.264,411.492,204.643,434.668,179.542,448.595,149.945,459.636,101.966,449.96,70.434,408.076,287.392,560.263,288.524,525.547,238.709,466.792,272.248,421.685,246.381,527.173,228.085,447.324,181.262,473.476,188.405,452.258,49.936,536.585,89.382,433.21,142.852,475.421,159.275,460.85
316.418,409.152,299.253,411.458,204.604,434.666,179.459,448.595,149.869,459.665,101.943,449.929,70.43,408.06,287.392,560.269,288.524,525.547,238.672,466.818,272.115,421.701,246.382,527.173,228.085,447.324,181.247,473.478,188.341,452.258,49.987,536.705,89.382,433.221,142.852,475.421,159.255,460.846
316.416,409.152,299.248,411.455,204.583,434.659,179.449,448.591,149.867,459.67,101.943,449.919,70.434,408.018,287.386,560.272,288.58,525.547,238.648,466.851,272.104,421.706,246.385,527.173,228.015,447.324,181.247,473.487,188.34,452.256,50.014,536.763,89.406,433.234,142.845,475.432,159.253,460.85
316.384,409.154,299.246,411.444,204.568,434.647,179.439,448.584,149.859,459.675,101.934,449.905,70.434,407.933,287.412,560.295,288.638,525.547,238.643,466.851,271.993,421.709,246.388,527.172,227.979,447.325,181.243,473.49,188.335,452.246,50.015,536.782,89.382,433.226,142.845,475.439,159.247,460.85
316.332,409.19,299.241,411.428,204.562,434.523,179.432,448.548,149.755,459.696,101.904,449.89,70.436,407.864,287.392,561.75,288.642,525.547,238.573,466.851,271.947,421.714,246.388,527.134,227.82,447.33,181.231,473.503,188.302,452.231,50.022,536.786,89.382,433.245,142.829,475.439,159.181,460.852
316.312,409.201,299.236,411.428,204.524,434.496,179.42,448.528,149.633,459.696,101.865,449.877,70.437,407.717,287.392,561.75,288.642,525.488,238.46,466.746,271.909,421.714,246.393,527.117,227.812,447.33,181.2,473.513,188.279,452.206,50.024,536.79,89.373,433.245,142.732,475.439,159.072,460.916
316.277,409.218,299.236,411.428,204.508,434.474,179.42,448.523,149.608,459.729,101.858,449.875,70.443,407.669,287.378,561.75,288.642,525.485,238.421,466.716,271.902,421.714,246.388,527.092,227.753,447.321,181.2,473.523,188.267,452.198,50.029,536.79,89.371,433.243,142.7,475.433,159.032,460.946
316.275,409.22,299.222,411.426,204.399,434.469,179.369,448.431,149.562,459.729,101.845,449.863,70.443,407.661,287.378,561.775,288.638,525.485,238.398,466.625,271.891,421.675,246.386,527.092,227.627,447.345,181.053,473.553,188.151,452.146,50.029,536.79,89.311,433.243,142.64,475.426,158.886,460.949
316.25,409.22,299.137,411.424,204.364,434.446,179.223,448.429,149.345,459.705,101.777,449.774,70.474,407.441,287.184,561.807,288.637,525.485,238.249,466.361,271.826,421.652,246.191,527.093,227.546,447.294,180.978,473.555,188.111,452.132,50.024,536.789,89.317,433.245,142.489,475.266,158.779,460.949
316.247,409.22,299.095,411.417,204.361,434.446,179.223,448.429,149.283,459.7,101.777,449.741,70.484,407.441,287.046,561.902,288.566,525.536,238.198,466.354,271.73,421.64,246.191,527.094,227.506,447.294,180.942,473.555,188.1,452.121,49.936,536.572,89.317,433.289,142.446,475.252,158.718,460.947
316.219,409.22,299.084,411.417,204.234,434.446,179.203,448.431,149.27,459.7,101.777,449.735,70.484,407.427,286.984,561.904,288.518,525.536,238.188,466.333,271.722,421.64,246.191,527.094,227.5,447.293,180.91,473.553,188.1,452.098,49.923,536.555,89.317,433.291,142.418,475.239,158.716,460.946
316.193,409.227,299.079,411.417,204.212,434.491,179.202,448.432,149.27,459.667,101.781,449.723,70.48,407.426,286.912,561.91,288.457,525.538,238.131,466.218,271.712,421.652,246.293,527.149,227.464,447.293,180.904,473.555,188.111,452.071,49.891,536.518,89.334,433.291,142.418,475.238,158.716,460.936
316.038,409.22,298.872,411.519,204.211,434.491,179.203,448.432,149.27,459.659,101.781,449.697,70.48,407.283,286.717,561.961,288.327,525.536,238.097,466.137,271.688,421.66,246.309,527.152,227.249,447.29,180.894,473.555,188.15,452.053,49.891,536.518,89.453,433.291,142.414,475.238,158.718,460.911
316.032,409.22,298.853,411.519,204.186,434.491,179.203,448.432,149.263,459.649,101.786,449.697,70.468,407.277,286.695,561.935,288.164,525.538,238.095,466.122,271.686,421.665,246.309,527.176,227.165,447.285,180.894,473.555,188.15,452.053,49.891,536.518,89.453,433.255,142.403,475.239,158.718,460.911
316.02,409.206,298.843,411.53,204.181,434.437,179.189,448.434,149.217,459.649,101.801,449.697,70.468,407.149,286.586,561.98,287.987,525.538,238.051,466.064,271.677,421.665,246.293,527.178,227.155,447.285,180.894,473.588,188.15,452.052,49.896,536.518,89.467,433.251,142.403,475.239,158.715,460.911
316.02,409.205,298.837,411.53,204.16,434.437,179.174,448.439,149.188,459.649,101.786,449.722,70.48,407.101,286.568,561.997,287.892,525.54,238.026,466.051,271.664,421.66,246.27,527.205,227.137,447.29,180.893,473.589,188.078,452.053,49.921,536.521,89.467,433.247,142.4,475.238,158.633,460.917
316.02,409.205,298.821,411.519,204.113,434.437,179.068,448.439,149.186,459.65,101.763,449.802,70.572,407.096,286.461,561.997,287.627,525.683,238.011,465.997,271.63,421.641,246.225,527.236,227.105,447.312,180.834,473.591,187.992,452.057,49.933,536.524,89.407,433.11,142.311,475.194,158.609,460.92
316.03,409.206,298.821,411.515,203.999,434.462,178.956,448.456,149.08,459.715,101.763,449.821,70.627,407.095,286.345,562.058,287.573,525.779,238.004,465.997,271.613,421.613,246.225,527.253,227.093,447.347,180.736,473.603,187.87,452.078,49.935,536.524,89.38,433.083,142.23,475.168,158.521,460.93
316.03,409.211,298.819,411.515,203.999,434.462,178.956,448.456,149.061,459.715,101.748,449.821,70.628,407.095,286.317,562.082,287.52,525.784,238.004,465.997,271.571,421.605,246.225,527.255,227.089,447.388,180.736,473.603,187.795,452.13,49.945,536.535,89.407,433.083,142.208,475.138,158.489,460.93
316.03,409.228,298.812,411.515,203.999,434.462,178.956,448.456,149.053,459.728,101.722,449.821,70.639,407.011,286.233,562.082,287.492,525.797,238.004,465.993,271.538,421.603,246.225,527.265,227.089,447.533,180.736,473.603,187.746,452.146,49.986,536.645,89.407,433.083,142.208,475.117,158.466,460.943
315.975,409.24,298.746,411.523,203.99,434.295,178.972,448.256,149.02,459.736,101.722,449.736,70.694,406.888,286.227,562.082,287.431,525.82,237.872,465.964,271.509,421.603,246.211,527.275,227.081,447.533,180.745,473.558,187.73,452.175,49.999,536.716,89.407,433.249,142.208,475.107,158.461,460.955
315.854,409.245,298.646,411.542,203.99,434.255,178.972,448.256,149.004,459.78,101.722,449.721,70.716,406.86,286.142,562.082,287.263,525.855,237.872,465.929,271.509,421.588,246.195,527.289,227.012,447.533,180.745,473.528,187.73,452.175,49.999,536.786,89.422,433.291,142.208,475.072,158.453,460.977
315.821,409.256,298.594,411.569,203.99,434.255,178.972,448.256,149.012,459.789,101.84,449.691,70.713,406.857,286.071,562.106,287.254,525.876,237.872,465.925,271.509,421.571,246.155,527.297,226.996,447.526,180.745,473.511,187.719,452.171,49.999,536.806,89.436,433.291,142.208,475.061,158.444,460.991
315.813,409.256,298.554,411.582,203.969,434.255,178.955,448.259,148.986,459.805,101.906,449.68,70.713,406.809,286.064,562.191,287.219,525.917,237.872,465.916,271.515,421.511,246.14,527.304,226.996,447.436,180.725,473.511,187.694,452.175,49.999,536.826,89.436,433.291,142.143,475.061,158.42,461.017
315.81,409.261,298.513,411.583,203.86,434.365,178.869,448.269,148.951,459.805,101.906,449.627,70.713,406.773,286.024,562.213,287.149,525.953,237.877,465.916,271.515,421.498,246.088,527.346,226.996,447.411,180.716,473.511,187.58,452.182,49.999,536.83,89.464,433.236,142.104,475.059,158.417,461.026
315.805,409.266,298.512,411.586,203.818,434.379,178.836,448.298,148.905,459.808,101.948,449.618,70.72,406.762,286.021,562.214,287.116,525.953,237.877,465.9,271.515,421.498,246.088,527.38,226.996,447.403,180.697,473.531,187.547,452.195,50.003,536.837,89.464,433.199,142.072,475.052,158.263,461.075
315.805,409.266,298.501,411.586,203.818,434.379,178.821,448.307,148.872,459.827,101.906,449.611,70.758,406.73,286.021,562.224,287.095,525.947,237.872,465.899,271.5,421.489,246.07,527.386,226.996,447.402,180.675,473.603,187.523,452.219,50.005,536.852,89.464,433.175,142.06,475.052,158.249,461.075
315.77,409.29,298.486,411.586,203.818,434.365,178.801,448.307,148.868,459.827,101.891,449.553,70.758,406.726,285.997,562.224,287.019,525.917,237.863,465.899,271.497,421.484,246.07,527.386,226.982,447.336,180.65,473.609,187.523,452.232,50.005,536.854,89.388,433.152,142.048,475.049,158.24,461.075
315.75,409.306,298.459,411.586,203.819,434.265,178.796,448.298,148.632,459.827,101.732,449.488,70.765,406.61,285.997,562.214,286.898,525.826,237.819,465.901,271.429,421.479,246.016,527.39,226.839,447.315,180.649,473.609,187.523,452.241,50.003,536.875,89.199,433.066,142.048,475.049,158.059,461.073
315.572,409.352,298.416,411.634,203.976,434.064,178.779,448.25,148.604,459.787,101.73,449.474,70.78,406.389,285.975,562.213,286.727,525.826,237.726,465.88,271.386,421.466,246.008,527.39,226.824,447.261,180.644,473.603,187.528,452.26,49.986,536.878,88.658,432.615,142.048,475.049,158.044,461.07
315.517,409.375,298.368,411.685,203.998,434.038,178.75,448.216,148.576,459.784,101.705,449.445,70.78,406.363,285.933,562.213,286.65,525.826,237.723,465.868,271.381,421.443,245.987,527.368,226.803,447.242,180.636,473.609,187.528,452.262,49.986,536.878,88.658,432.615,142.074,475.354,157.986,461.07
315.498,409.375,298.308,411.692,203.998,434.025,178.75,448.216,148.568,459.784,101.703,449.462,70.84,406.266,285.787,562.202,286.612,525.836,237.62,465.868,271.335,421.443,245.902,527.364,226.743,447.181,180.612,473.609,187.528,452.262,49.985,536.878,88.658,432.615,142.074,475.387,157.982,461.07
315.481,409.375,298.293,411.696,204.005,433.959,178.749,448.216,148.367,459.784,101.652,449.47,70.94,406.134,285.737,562.202,286.569,525.904,237.592,465.803,271.324,421.442,245.793,527.364,226.706,447.169,180.582,473.696,187.436,452.333,49.986,536.878,88.661,432.715,142.074,475.404,157.763,461.17
315.481,409.375,298.252,411.698,203.976,433.959,178.67,448.235,148.367,459.812,101.65,449.47,70.986,406.134,285.666,562.202,286.554,525.959,237.576,465.803,271.301,421.443,245.783,527.364,226.688,447.169,180.469,473.73,187.347,452.342,49.986,536.878,88.693,432.778,142.037,475.41,157.763,461.204
315.467,409.375,298.252,411.706,203.991,433.959,178.67,448.245,148.337,459.812,101.65,449.462,70.989,406.134,285.623,562.191,286.554,525.959,237.558,465.779,271.293,421.449,245.777,527.368,226.688,447.169,180.469,473.732,187.345,452.348,49.987,536.875,88.693,432.778,141.98,475.449,157.732,461.207
315.448,409.428,298.249,411.716,203.947,433.959,178.655,448.258,148.315,459.812,101.622,449.462,71.098,406.481,285.599,562.191,286.554,525.959,237.53,465.758,271.121,421.466,245.777,527.368,226.601,447.169,180.457,473.748,187.336,452.351,49.987,536.875,88.765,432.778,141.972,475.453,157.709,461.207
315.313,409.461,298.248,411.744,203.963,433.974,178.655,448.262,148.301,459.78,101.632,449.394,71.126,406.481,285.598,562.191,286.561,525.959,237.526,465.709,271.085,421.47,245.783,527.413,226.27,446.618,180.379,473.774,187.305,452.386,49.987,536.875,88.765,432.637,141.941,475.453,157.678,461.204
315.311,409.461,298.246,411.745,203.947,433.974,178.651,448.262,148.22,459.78,101.632,449.256,71.141,406.481,285.591,562.216,286.576,525.945,237.521,465.688,271.069,421.474,245.795,527.418,226.22,446.618,180.35,473.793,187.265,452.395,49.991,536.873,88.785,432.622,141.853,475.457,157.584,461.204
315.311,409.461,298.23,411.745,203.947,433.974,178.633,448.27,148.184,459.78,101.632,449.256,71.148,406.474,285.586,562.258,286.576,525.897,237.517,465.674,271.051,421.474,245.807,527.428,226.209,446.618,180.348,473.801,187.248,452.401,49.995,536.871,88.785,432.607,141.748,475.461,157.528,461.207
315.311,409.452,298.22,411.75,203.941,433.976,178.602,448.284,148.086,459.794,101.632,449.246,71.193,406.317,285.559,562.286,286.561,525.804,237.455,465.674,271.018,421.47,245.811,527.428,226.081,446.642,180.347,473.807,187.204,452.413,49.997,536.869,88.797,432.603,141.745,475.457,157.475,461.205
315.311,409.452,298.188,411.75,203.801,433.974,178.513,448.292,148.079,459.829,101.645,449.245,71.247,406.292,285.403,562.308,286.544,525.713,237.324,465.562,270.896,421.471,245.866,527.418,225.974,446.642,180.307,473.85,187.112,452.419,49.998,536.868,88.793,432.503,141.741,475.457,157.473,461.206
315.279,409.452,298.165,411.751,203.794,433.976,178.485,448.292,148.079,459.831,101.646,449.244,71.248,406.282,285.184,562.319,286.403,525.636,237.324,465.558,270.859,421.474,245.868,527.408,225.946,446.642,180.294,473.85,187.111,452.419,49.999,536.868,88.797,432.485,141.741,475.452,157.473,461.206
315.253,409.458,298.144,411.772,203.794,433.976,178.485,448.292,148.077,459.831,101.646,449.235,71.264,406.273,285.156,562.319,286.403,525.626,237.324,465.558,270.812,421.479,245.868,527.408,225.937,446.634,180.253,473.869,187.091,452.419,50.0,536.869,88.793,432.477,141.741,475.452,157.475,461.205
315.248,409.464,298.083,411.773,203.794,433.965,178.462,448.286,148.071,459.829,101.646,449.139,71.357,406.001,285.156,562.319,286.403,525.447,237.373,465.562,270.812,421.478,245.868,527.408,225.916,446.614,180.252,473.877,187.073,452.414,50.0,536.869,88.793,432.473,141.741,475.452,157.475,461.171
315.219,409.464,298.03,411.774,203.794,433.965,178.46,448.243,148.062,459.793,101.538,449.125,71.44,405.974,285.184,562.308,286.437,525.438,237.385,465.612,270.812,421.478,245.859,527.414,225.893,446.467,180.241,473.892,187.071,452.414,50.0,536.877,88.704,432.431,141.676,475.455,157.473,461.171
315.217,409.464,298.001,411.774,203.64,433.968,178.451,448.24,147.944,459.793,101.497,449.097,71.443,405.904,285.245,562.286,286.437,525.319,237.387,465.627,270.868,421.479,245.837,527.434,225.893,446.437,180.241,473.928,186.978,452.414,49.994,536.886,88.704,432.416,141.571,475.456,157.387,461.171
315.2,409.464,297.946,411.774,203.607,433.968,178.442,448.238,147.92,459.793,101.452,449.097,71.487,405.881,285.245,562.281,286.437,525.273,237.387,465.638,270.869,421.481,245.837,527.442,225.893,446.405,180.235,473.928,186.946,452.418,49.994,536.888,88.704,432.412,141.565,475.462,157.35,461.171
315.148,409.469,297.876,411.785,203.546,434.004,178.436,448.238,147.786,459.831,101.395,449.092,71.489,405.716,285.245,562.224,286.4,525.236,237.385,465.676,270.869,421.506,245.829,527.442,225.956,446.405,180.234,473.932,186.922,452.431,49.994,536.906,88.709,432.41,141.398,475.469,157.227,461.236
315.097,409.483,297.808,411.834,203.546,434.004,178.403,448.238,147.713,459.865,101.332,449.092,71.604,405.509,285.201,562.131,286.232,525.149,237.385,465.749,270.869,421.633,245.836,527.442,226.025,446.405,180.217,473.935,186.867,452.439,49.995,536.908,88.728,432.315,141.373,475.469,157.164,461.277
315.065,409.486,297.79,411.835,203.539,434.006,178.397,448.238,147.648,459.865,101.308,449.074,71.61,405.509,285.186,562.117,286.226,525.099,237.385,465.754,270.859,421.638,245.837,527.435,226.025,446.445,180.2,473.942,186.863,452.441,49.996,536.91,88.728,432.314,141.357,475.469,157.129,461.295
315.036,409.49,297.784,411.848,203.515,434.004,178.374,448.238,147.635,459.865,101.204,449.025,71.651,405.277,285.123,562.028,286.186,525.014,237.374,465.754,270.859,421.64,245.843,527.434,226.025,446.445,180.185,473.963,186.863,452.441,49.996,536.91,88.736,432.314,141.32,475.429,157.083,461.295
315.028,409.495,297.743,411.85,203.539,433.992,178.372,448.238,147.487,459.839,101.204,449.025,71.665,405.277,285.025,562.003,286.185,524.997,237.302,465.76,270.859,421.646,245.873,527.427,225.973,446.445,180.159,474.03,186.867,452.441,49.996,536.91,88.736,432.314,141.313,475.429,156.942,461.299
315.02,409.495,297.699,411.866,203.519,433.974,178.351,448.238,147.486,459.839,101.186,449.025,71.666,405.277,285.025,562.003,286.107,524.942,237.296,465.795,270.859,421.646,245.89,527.409,225.805,446.445,180.129,474.094,186.869,452.345,50.052,537.026,88.754,432.302,141.238,475.429,156.917,461.31
315.017,409.49,297.68,411.872,203.512,433.974,178.34,448.212,147.417,459.839,101.182,449.029,71.726,405.316,285.0,562.006,286.056,524.805,237.288,465.795,270.859,421.664,245.9,527.395,225.77,446.42,180.123,474.096,186.869,452.33,50.064,537.026,88.754,432.302,141.218,475.474,156.875,461.343
314.942,409.49,297.605,411.88,203.512,433.971,178.316,448.192,147.417,459.839,101.182,449.06,71.755,405.316,285.0,562.006,286.054,524.753,237.273,465.808,270.864,421.664,245.91,527.389,225.75,446.42,180.117,474.096,186.869,452.321,50.064,537.026,88.764,432.278,141.139,475.474,156.875,461.333
314.906,409.495,297.552,411.894,203.519,433.955,178.272,448.156,147.417,459.846,101.144,449.06,71.761,405.316,285.0,561.987,286.045,524.737,237.195,465.837,270.866,421.664,245.917,527.379,225.691,446.42,180.109,474.094,186.817,452.314,50.064,537.024,88.798,432.278,141.139,475.474,156.875,461.333
314.86,409.615,297.536,411.964,203.49,433.971,178.266,448.192,147.446,459.903,101.125,449.04,71.797,405.307,284.884,561.987,286.027,524.737,237.183,465.849,270.866,421.614,245.922,527.334,225.59,446.42,180.093,474.054,186.811,452.321,50.067,537.024,88.811,432.278,141.139,475.459,156.882,461.334
314.847,409.617,297.534,411.965,203.441,433.971,178.26,448.21,147.446,459.911,101.125,449.029,71.802,405.165,284.795,561.973,286.022,524.737,237.149,465.87,270.878,421.608,245.917,527.334,225.579,446.391,180.071,474.049,186.789,452.321,50.064,537.024,88.849,432.278,141.154,475.455,156.882,461.334
314.804,409.648,297.533,411.966,203.441,433.971,178.229,448.21,147.446,459.915,101.116,449.014,71.823,405.047,284.794,561.947,285.993,524.756,237.146,465.87,270.881,421.608,245.917,527.334,225.549,446.379,180.071,474.049,186.763,452.356,50.064,537.024,88.873,432.279,141.154,475.455,156.888,461.334
314.796,409.648,297.513,411.982,203.375,434.065,178.163,448.271,147.423,459.944,101.097,449.014,71.836,404.933,284.499,561.941,285.9,524.756,237.144,465.923,270.884,421.614,245.89,527.394,225.531,446.361,179.941,474.054,186.734,452.421,50.073,536.973,88.887,432.279,141.154,475.459,156.908,461.368
314.792,409.648,297.443,411.989,203.14,434.206,178.038,448.29,147.097,460.071,101.067,449.014,71.871,404.893,284.499,561.859,285.868,524.756,237.051,465.972,270.892,421.641,245.877,527.394,225.531,446.361,179.874,474.167,186.537,452.462,50.073,536.972,88.887,432.275,140.835,475.574,157.587,461.449
314.716,409.643,297.332,411.99,203.099,434.216,178.037,448.308,147.097,460.102,101.06,449.002,71.924,404.786,284.491,561.852,285.867,524.747,237.038,465.974,270.892,421.7,245.874,527.394,225.549,446.361,179.861,474.199,186.537,452.462,50.066,536.967,88.887,432.28,140.826,475.591,157.608,461.455
314.685,409.643,297.326,411.993,203.093,434.216,178.004,448.308,147.072,460.105,101.053,449.002,71.975,404.689,284.499,561.851,285.853,524.704,237.011,466.003,270.884,421.7,245.877,527.366,225.549,446.361,179.861,474.212,186.537,452.471,50.067,536.967,88.862,432.275,140.793,475.606,157.608,461.474
314.659,409.643,297.319,412.0,202.957,434.213,177.999,448.325,147.065,460.113,101.027,448.992,71.98,404.54,284.486,561.838,285.843,524.67,237.011,466.009,270.861,421.7,245.868,527.365,225.75,447.05,179.874,474.27,186.529,452.471,50.067,536.967,88.842,432.274,140.793,475.606,157.587,461.474
314.572,409.669,297.309,412.0,202.951,434.206,177.993,448.328,147.065,460.128,100.991,448.914,71.983,404.525,284.475,561.793,285.798,524.67,236.986,466.034,270.815,421.685,245.868,527.269,225.755,447.097,179.906,474.273,186.463,452.512,50.066,536.943,88.81,432.274,140.785,475.606,156.473,461.612
314.489,409.669,297.304,412.0,202.919,434.17,177.988,448.335,147.04,460.143,100.991,448.87,71.983,404.525,284.454,561.751,285.68,524.666,236.986,466.048,270.764,421.682,245.883,527.261,225.755,447.097,179.909,474.291,186.459,452.538,50.061,536.943,88.783,432.262,140.741,475.61,156.473,461.612
314.431,409.669,297.295,412.037,202.879,434.162,177.929,448.35,147.009,460.169,100.987,448.858,71.983,404.52,284.399,561.732,285.587,524.666,236.978,466.064,270.739,421.672,245.892,527.261,225.755,447.103,179.92,474.291,186.416,452.551,50.058,536.942,88.783,432.262,140.72,475.61,156.473,461.612
314.361,409.648,297.216,412.042,202.866,434.157,177.891,448.359,146.876,460.207,100.984,448.807,72.001,404.52,284.269,561.7,285.584,524.67,236.978,466.071,270.729,421.605,245.922,527.269,225.755,447.103,179.92,474.293,186.379,452.551,50.058,536.943,88.801,432.282,140.526,475.64,157.25,461.593
314.359,409.641,297.215,412.042,202.851,434.128,177.827,448.359,146.803,460.246,100.969,448.657,72.1,404.52,284.245,561.662,285.584,524.666,236.978,466.126,270.729,421.605,245.931,527.282,225.787,447.101,179.92,474.298,186.35,452.569,50.056,536.943,88.803,432.408,140.504,475.644,157.25,461.593
314.352,409.641,297.21,412.042,202.839,434.128,177.801,448.361,146.725,460.258,100.967,448.657,72.139,404.503,284.245,561.656,285.584,524.682,236.994,466.143,270.631,421.605,245.966,527.304,225.798,447.055,179.874,474.331,186.317,452.572,50.052,536.94,88.803,432.408,140.49,475.646,157.25,461.586
314.341,409.648,297.21,412.042,202.826,434.128,177.77,448.361,146.711,460.261,100.943,448.653,72.139,404.424,284.223,561.656,285.584,524.682,236.978,466.158,270.631,421.605,245.966,527.31,225.798,447.055,179.818,474.344,186.261,452.573,50.052,536.938,88.815,432.408,140.468,475.646,157.178,461.586
314.335,409.655,297.199,412.048,202.826,434.14,177.69,448.374,146.688,460.258,100.937,448.65,72.154,404.42,284.17,561.656,285.584,524.656,236.962,466.219,270.709,421.605,245.971,527.316,225.798,447.03,179.752,474.376,186.242,452.578,50.05,536.935,88.815,432.398,140.445,475.65,157.164,461.586
314.237,409.723,297.119,412.06,202.823,434.141,177.671,448.386,146.593,460.258,100.896,448.653,72.154,404.357,284.17,561.643,285.572,524.556,236.909,466.237,270.709,421.585,245.976,527.316,225.787,446.956,179.751,474.388,186.222,452.633,50.048,536.935,88.816,432.264,140.322,475.654,157.085,461.586
314.149,409.723,297.078,412.063,202.821,434.173,177.645,448.395,146.593,460.258,100.896,448.678,72.179,404.352,284.151,561.551,285.516,524.385,236.904,466.237,270.709,421.559,245.971,527.311,225.784,446.94,179.738,474.443,186.187,452.637,50.037,536.933,88.816,432.246,140.249,475.654,157.085,461.586
314.09,409.723,297.05,412.064,202.821,434.173,177.639,448.396,146.593,460.251,100.896,448.64,72.276,404.299,284.124,561.551,285.502,524.366,236.903,466.237,270.714,421.559,245.942,527.311,225.743,446.893,179.738,474.444,186.175,452.672,50.033,536.935,88.826,432.246,140.243,475.65,157.075,461.573
314.077,409.713,297.019,412.064,202.814,434.177,177.621,448.431,146.6,460.225,100.936,448.64,72.28,404.238,284.124,561.524,285.43,524.342,236.855,466.141,270.734,421.559,245.928,527.288,225.687,446.89,179.728,474.475,186.154,452.675,50.034,536.955,88.826,432.232,140.236,475.65,157.071,461.573
314.072,409.696,296.95,412.102,202.808,434.177,177.619,448.438,146.6,460.225,100.946,448.611,72.28,404.05,284.148,561.524,285.43,524.34,236.855,466.051,270.844,423.072,245.918,527.285,225.639,446.89,179.728,474.486,186.123,452.704,50.033,536.956,88.845,432.185,140.205,475.627,157.075,461.573
314.054,409.679,296.95,412.106,202.808,434.182,177.502,448.505,146.6,460.225,100.947,448.606,72.276,404.05,284.123,561.524,285.427,524.313,236.854,466.022,270.844,423.079,245.918,527.285,225.63,446.89,179.686,474.486,186.112,452.704,50.033,536.955,88.826,432.143,140.205,475.573,157.092,461.573
314.044,409.673,296.944,412.108,202.814,434.182,177.502,448.505,146.6,460.228,100.947,448.559,72.276,403.901,284.119,561.561,285.398,524.296,236.854,466.022,270.844,423.087,245.918,527.288,225.619,446.89,179.686,474.486,186.112,452.704,50.031,536.955,88.826,432.115,140.205,475.573,157.092,461.573
313.714,409.283,296.852,412.142,202.825,434.182,177.502,448.505,146.6,460.23,100.946,448.547,72.28,403.856,284.119,561.588,285.342,524.209,236.818,466.022,270.755,423.133,245.934,527.299,225.63,446.853,179.686,474.447,186.087,452.611,50.03,536.944,88.821,432.098,140.205,475.573,157.113,461.578
313.696,409.274,296.779,412.149,203.144,434.165,177.502,448.368,146.628,460.245,100.889,448.536,72.291,403.824,284.054,561.607,285.172,524.186,236.631,466.039,270.685,423.197,245.953,527.341,225.619,446.853,179.728,474.398,186.087,452.611,50.03,536.944,88.814,432.075,140.292,475.584,157.121,461.582
313.686,409.274,296.757,412.149,203.144,434.165,177.493,448.368,146.628,460.334,100.886,448.503,72.309,403.786,284.052,561.616,285.154,524.112,236.622,466.057,270.671,423.2,246.0,527.366,225.601,446.853,179.728,474.398,186.075,452.611,50.03,536.944,88.814,432.033,140.292,475.588,157.121,461.6
313.66,409.283,296.738,412.164,203.144,434.165,177.493,448.368,146.628,460.334,100.862,448.501,72.327,403.703,284.024,561.629,285.085,524.112,236.586,466.062,270.618,423.232,246.019,527.384,225.584,446.85,179.728,474.398,186.074,452.614,50.029,536.944,88.821,432.0,140.292,475.588,157.121,461.603
313.66,409.287,296.737,412.178,202.878,434.172,177.451,448.518,146.486,460.334,100.834,448.435,72.327,403.688,283.972,561.66,285.085,524.112,236.581,466.091,270.545,423.292,246.019,527.402,225.376,446.85,179.711,474.46,186.009,452.643,50.029,536.938,88.835,432.0,140.151,475.603,156.919,461.664
313.66,409.288,296.737,412.189,202.878,434.201,177.438,448.52,146.483,460.354,100.816,448.274,72.358,403.498,283.968,561.66,285.076,524.113,236.581,466.151,270.517,423.297,246.019,527.402,225.341,446.801,179.625,474.462,186.008,452.643,50.036,536.852,88.835,432.018,140.15,475.592,156.904,461.664
313.647,409.333,296.738,412.205,202.878,434.204,177.402,448.521,146.482,460.367,100.816,448.274,72.372,403.498,283.96,561.66,285.076,524.118,236.586,466.151,270.517,423.302,246.009,527.437,225.334,446.794,179.536,474.478,185.994,452.643,50.04,536.852,88.849,431.987,140.14,475.592,156.902,461.664
313.647,409.337,296.738,412.208,202.811,434.249,177.357,448.524,146.4,460.402,100.812,448.219,72.446,403.483,283.89,561.66,285.076,524.118,236.602,466.151,270.515,423.368,246.009,527.437,225.334,446.794,179.536,474.492,185.971,452.628,50.04,536.852,88.835,431.96,140.14,475.603,156.891,461.664
313.632,409.337,296.731,412.208,202.811,434.255,177.334,448.525,146.379,460.402,100.812,448.221,72.561,403.428,283.878,561.653,285.166,524.118,236.605,466.14,270.496,423.369,245.975,527.402,225.327,446.801,179.536,474.495,185.954,452.627,50.04,536.855,88.833,431.977,140.095,475.609,156.868,461.675
313.533,409.345,296.662,412.212,202.811,434.255,177.268,448.524,146.247,460.416,100.812,448.221,72.561,403.428,283.859,561.635,285.196,524.031,236.608,466.13,270.471,423.377,245.828,527.366,225.327,446.853,179.538,474.536,185.954,452.619,50.04,536.871,88.743,431.977,139.959,475.671,156.854,461.697
313.462,409.345,296.625,412.226,202.785,434.249,177.235,448.525,146.24,460.416,100.784,448.219,72.583,403.354,283.859,561.649,285.201,524.031,236.608,466.13,270.471,423.392,245.806,527.366,225.327,446.879,179.538,474.536,185.928,452.619,50.038,536.882,88.738,431.977,139.946,475.683,156.815,461.699
313.404,409.345,296.607,412.226,202.778,434.249,177.234,448.524,146.233,460.416,100.768,448.149,72.599,403.209,283.852,561.635,285.212,524.012,236.605,466.128,270.461,423.392,245.782,527.366,225.327,446.879,179.538,474.537,185.926,452.619,50.021,536.882,88.728,432.019,139.938,475.683,156.812,461.699
313.396,409.321,296.586,412.226,202.778,434.231,177.234,448.52,146.24,460.405,100.748,448.147,72.61,403.18,283.839,561.628,285.229,524.012,236.594,466.128,270.456,423.392,245.779,527.366,225.327,446.853,179.538,474.541,185.926,452.611,50.021,536.882,88.735,432.019,139.884,475.683,156.809,461.699
313.384,409.318,296.572,412.226,202.778,434.164,177.234,448.505,146.233,460.379,100.737,448.111,72.634,403.179,283.699,561.611,285.26,524.001,236.554,466.121,270.38,423.382,245.724,527.373,224.452,446.378,179.542,474.557,185.926,452.581,50.032,536.848,88.738,432.019,139.795,475.692,156.792,461.689
313.369,409.316,296.531,412.226,202.779,434.112,177.229,448.475,146.233,460.379,100.737,448.108,72.643,403.178,283.687,561.611,285.303,524.001,236.547,466.108,270.358,423.381,245.718,527.373,224.446,446.378,179.548,474.572,185.926,452.581,50.032,536.841,88.735,431.989,139.784,475.692,156.773,461.689
313.362,409.312,296.484,412.216,202.798,434.08,177.248,448.428,146.225,460.379,100.737,448.111,72.668,403.101,283.687,561.611,285.303,523.992,236.527,466.065,270.3,423.38,245.718,527.373,224.446,446.378,179.555,474.584,185.926,452.581,50.021,536.84,88.728,431.983,139.774,475.692,156.755,461.689
313.351,409.302,296.462,412.216,202.798,434.08,177.27,448.427,146.167,460.387,100.735,448.147,72.674,403.052,283.691,561.611,285.303,523.978,236.526,466.065,270.29,423.373,245.716,527.373,224.446,446.378,179.555,474.6,185.917,452.602,50.015,536.84,88.693,431.925,139.695,475.7,156.661,461.778
313.343,409.3,296.434,412.211,202.793,434.092,177.299,448.427,146.14,460.417,100.713,448.172,72.682,402.969,283.679,561.629,285.3,523.946,236.459,466.062,270.29,423.316,245.709,527.397,225.113,446.879,179.555,474.602,185.898,452.622,50.015,536.84,88.551,431.914,139.649,475.693,156.609,461.778
313.336,409.299,296.373,412.158,202.792,434.092,177.301,448.4,146.14,460.426,100.735,448.172,72.702,402.923,283.678,561.634,285.237,523.946,236.425,466.032,270.3,423.316,245.705,527.403,225.125,446.909,179.549,474.602,185.867,452.626,50.011,536.84,88.545,431.925,139.649,475.7,156.566,461.783
313.323,409.299,296.37,412.155,202.793,434.084,177.317,448.399,146.14,460.426,100.735,448.198,72.702,402.841,283.677,561.634,285.237,523.938,236.414,466.032,270.3,423.313,245.684,527.403,225.137,446.909,179.541,474.6,185.867,452.629,50.011,536.84,88.528,431.925,139.649,475.7,156.566,461.786
313.32,409.299,296.366,412.155,202.792,434.092,177.368,448.373,146.153,460.426,100.752,448.198,72.715,402.831,283.655,561.703,285.21,523.934,236.409,466.032,270.294,423.313,245.662,527.397,225.145,446.879,179.52,474.582,185.867,452.638,50.012,536.838,88.514,431.944,139.686,475.708,156.566,461.816
313.204,409.337,296.35,412.158,202.787,434.092,177.383,448.365,146.417,460.285,100.786,448.151,72.718,402.725,283.61,561.756,285.21,523.934,236.332,466.067,270.294,423.313,245.659,527.35,225.181,446.807,179.458,474.571,185.855,452.638,50.012,536.831,88.485,432.013,139.72,475.71,156.678,461.816
313.174,409.34,296.336,412.169,202.787,434.093,177.39,448.364,146.489,460.231,100.79,448.141,72.718,402.667,283.601,561.76,285.22,523.875,236.316,466.096,270.287,423.319,245.659,527.35,225.202,446.804,179.401,474.549,185.859,452.638,50.009,536.831,88.463,432.04,139.73,475.713,156.714,461.822
313.127,409.353,296.329,412.173,202.778,434.093,177.39,448.361,146.526,460.231,100.79,448.141,72.793,402.556,283.592,561.763,285.239,523.863,236.316,466.096,270.285,423.319,245.659,527.35,225.203,446.804,179.4,474.547,185.859,452.641,50.009,536.831,88.46,432.056,139.733,475.713,156.74,461.822
313.125,409.354,296.312,412.176,202.778,434.093,177.39,448.361,146.551,460.242,100.831,448.141,72.864,402.479,283.592,561.76,285.22,523.853,236.301,466.096,270.277,423.319,245.683,527.368,225.219,446.804,179.398,474.536,185.851,452.641,49.992,536.813,88.405,432.056,139.763,475.764,156.74,461.822
313.125,409.371,296.303,412.177,202.778,434.073,177.39,448.358,146.593,460.242,100.835,448.185,72.925,402.468,283.592,561.756,285.239,523.852,236.299,466.096,270.276,423.319,245.702,527.41,225.302,446.789,179.383,474.501,185.832,452.671,49.972,536.799,88.391,432.065,139.764,475.764,156.755,461.814
313.127,409.384,296.287,412.191,202.94,433.975,177.39,448.306,146.593,460.256,100.836,448.185,72.949,402.426,283.592,561.722,285.261,523.844,236.299,466.082,270.249,423.319,245.711,527.411,225.429,446.728,179.367,474.461,185.814,452.681,49.964,536.771,88.384,432.065,139.764,475.771,156.755,461.814
313.142,409.392,296.286,412.192,202.954,433.954,177.372,448.306,146.593,460.256,100.836,448.185,72.982,402.406,283.63,561.681,285.239,523.844,236.311,466.082,270.206,423.309,245.711,527.411,225.429,446.728,179.359,474.461,185.793,452.681,49.964,536.771,88.383,432.056,139.763,475.788,156.709,461.814
313.142,409.41,296.201,412.224,202.954,433.924,177.338,448.306,146.553,460.256,100.835,448.075,73.098,402.387,283.63,561.678,285.243,523.826,236.297,466.098,270.164,423.186,245.737,527.419,225.429,446.728,179.359,474.461,185.793,452.671,49.972,536.813,88.255,432.041,139.619,475.809,156.668,461.814
313.142,409.41,296.181,412.23,202.954,433.885,177.293,448.333,146.486,460.249,100.822,448.025,73.152,402.364,283.63,561.678,285.261,523.826,236.297,466.098,270.149,423.186,245.737,527.422,225.401,446.774,179.359,474.482,185.793,452.646,49.971,536.826,88.255,431.971,139.529,475.84,156.625,461.833
313.139,409.41,296.15,412.239,202.954,433.879,177.241,448.351,146.467,460.249,100.759,448.019,73.233,402.361,283.613,561.671,285.279,523.805,236.262,466.087,270.141,423.186,245.7,527.441,225.361,446.82,179.345,474.482,185.793,452.607,49.978,536.826,88.255,431.955,139.529,475.844,156.618,461.834
313.117,409.41,296.137,412.241,202.954,433.866,177.233,448.375,146.453,460.249,100.759,447.966,73.244,402.334,283.61,561.671,285.243,523.805,236.26,466.087,270.141,423.199,245.685,527.441,225.361,446.913,179.342,474.482,185.803,452.607,49.978,536.826,88.259,431.951,139.528,475.844,156.618,461.842
313.113,409.409,296.134,412.243,202.961,433.861,177.21,448.403,146.453,460.303,100.801,447.925,73.308,402.279,283.609,561.623,285.243,523.769,236.26,466.082,270.118,423.203,245.679,527.441,225.361,446.947,179.342,474.462,185.81,452.579,49.974,536.803,88.259,431.931,139.528,475.84,156.625,461.842
313.104,409.409,296.097,412.261,202.982,433.856,177.21,448.403,146.453,460.303,100.801,447.901,73.309,402.203,283.474,561.576,285.258,523.735,236.246,466.038,270.114,423.225,245.679,527.393,225.4,446.963,179.291,474.462,185.896,452.519,49.971,536.803,88.259,431.854,139.523,475.818,156.634,461.842
313.07,409.406,296.048,412.261,202.996,433.844,177.21,448.411,146.453,460.303,100.841,447.9,73.308,402.156,283.474,561.56,285.258,523.657,236.238,466.038,270.114,423.225,245.679,527.391,225.411,446.963,179.284,474.462,185.91,452.503,49.974,536.8,88.253,431.837,139.495,475.818,156.634,461.843
313.05,409.402,296.004,412.261,203.004,433.835,177.22,448.411,146.453,460.295,100.861,447.9,73.308,402.067,283.469,561.56,285.24,523.65,236.223,466.032,270.114,423.225,245.672,527.391,225.411,446.963,179.259,474.469,185.93,452.494,49.974,536.8,88.227,431.771,139.472,475.818,156.634,461.851
313.026,409.386,295.994,412.25,203.007,433.796,177.232,448.401,146.344,460.295,100.88,447.9,73.306,401.886,283.468,561.51,285.24,523.65,236.208,466.032,270.105,423.225,245.672,527.39,225.411,446.963,179.256,474.475,185.937,452.485,49.978,536.796,88.218,431.752,139.429,475.841,156.479,461.912
312.896,409.384,295.913,412.245,203.019,433.788,177.24,448.389,146.281,460.295,100.884,447.926,73.306,401.84,283.449,561.491,285.222,523.65,236.146,466.038,270.018,423.158,245.671,527.387,225.376,446.963,179.256,474.475,185.965,452.464,49.986,536.795,88.148,431.646,139.429,475.841,156.479,461.912
312.88,409.364,295.9,412.24,203.019,433.774,177.24,448.389,146.28,460.306,100.898,447.926,73.306,401.689,283.445,561.488,285.21,523.665,236.125,466.044,270.018,423.133,245.641,527.378,225.369,446.96,179.254,474.484,185.965,452.463,49.986,536.795,88.148,431.555,139.429,475.841,156.479,461.912
312.872,409.349,295.9,412.24,203.023,433.772,177.24,448.381,146.281,460.306,100.898,447.926,73.308,401.642,283.437,561.477,285.208,523.672,236.092,466.022,270.018,423.133,245.634,527.387,225.342,446.96,179.254,474.475,185.974,452.454,49.985,536.794,88.117,431.454,139.429,475.841,156.494,461.88
312.835,409.334,295.9,412.222,203.019,433.772,177.217,448.381,146.281,460.306,100.9,447.796,73.308,401.379,283.437,561.477,285.205,523.68,236.09,466.001,270.044,423.12,245.629,527.378,225.34,446.845,179.253,474.47,185.975,452.45,49.986,536.794,88.117,431.443,139.429,475.839,156.514,461.866
312.829,409.329,295.897,412.219,203.019,433.772,177.203,448.381,146.362,460.161,100.987,447.773,73.312,401.242,283.395,561.463,285.124,523.708,235.94,465.893,270.049,423.12,245.623,527.373,225.303,446.793,179.237,474.467,185.984,452.437,49.986,536.776,88.117,431.407,139.408,475.801,156.599,461.818
312.824,409.329,295.889,412.219,203.011,433.774,177.191,448.305,146.374,460.155,100.992,447.696,73.312,401.072,283.391,561.436,285.12,523.783,235.928,465.893,270.049,423.12,245.622,527.334,225.303,446.793,179.196,474.44,186.002,452.403,49.985,536.776,88.091,431.336,139.408,475.801,156.618,461.812
312.824,409.33,295.889,412.219,202.911,433.795,177.175,448.305,146.376,460.119,101.014,447.659,73.315,401.039,283.38,561.436,285.12,523.783,235.922,465.893,270.055,423.123,245.622,527.334,225.291,446.785,179.195,474.44,186.002,452.368,49.978,536.771,88.091,431.229,139.401,475.786,156.637,461.762
312.81,409.334,295.87,412.242,202.895,433.807,177.141,448.312,146.439,460.081,101.12,447.639,73.348,400.968,283.338,561.437,285.124,523.783,235.916,465.894,270.055,423.123,245.621,527.334,225.284,446.785,179.138,474.451,185.984,452.317,49.978,536.769,88.071,431.143,139.401,475.786,156.667,461.686
312.798,409.417,295.867,412.288,202.807,433.824,177.156,448.305,146.449,460.063,101.12,447.637,73.415,400.875,283.258,561.437,285.109,523.731,235.885,466.043,270.049,423.123,245.622,527.356,225.278,446.784,179.129,474.444,185.955,452.317,49.973,536.754,87.983,431.065,139.401,475.813,156.667,461.686
312.789,409.417,295.865,412.299,202.787,433.86,177.139,448.305,146.46,460.028,101.131,447.633,73.518,400.718,283.246,561.436,285.144,523.731,235.865,466.081,270.052,423.123,245.628,527.386,225.278,446.785,179.122,474.444,185.95,452.315,49.973,536.754,87.969,431.065,139.401,475.813,156.723,461.679
312.788,409.417,295.867,412.299,202.784,433.86,177.139,448.293,146.456,460.01,101.165,447.625,73.549,400.62,283.195,561.437,285.144,523.722,235.865,466.124,270.052,423.123,245.635,527.403,225.278,446.785,179.119,474.444,185.949,452.315,49.974,536.754,87.969,431.065,139.401,475.806,156.667,461.679
312.787,409.412,295.867,412.3,202.784,433.86,177.156,448.248,146.449,459.995,101.223,447.551,73.558,400.497,283.195,561.437,285.096,523.722,235.865,466.127,270.045,423.121,245.647,527.443,225.336,446.784,179.105,474.417,185.929,452.303,49.972,536.758,87.967,431.124,139.445,475.806,156.647,461.679
312.761,409.412,295.873,412.305,202.784,433.839,177.171,448.232,146.449,459.993,101.281,447.475,73.732,400.493,283.195,561.433,285.081,523.687,235.891,466.205,270.022,423.108,245.647,527.452,225.337,446.784,179.104,474.406,185.918,452.287,49.972,536.758,87.954,431.322,139.445,475.792,156.603,461.666
312.761,409.412,295.88,412.308,202.782,433.826,177.172,448.23,146.371,459.993,101.281,447.469,73.83,400.376,283.29,561.437,285.081,523.686,235.891,466.242,269.988,423.108,245.647,527.462,225.337,446.78,179.104,474.406,185.914,452.285,49.974,536.758,87.967,431.322,139.445,475.773,156.586,461.666
312.756,409.424,295.88,412.311,202.782,433.819,177.173,448.229,146.354,459.995,101.281,447.456,73.913,400.314,283.326,561.437,285.069,523.686,235.891,466.242,269.974,423.108,245.641,527.469,225.336,446.78,179.105,474.409,185.914,452.285,49.974,536.758,87.967,431.322,139.432,475.792,156.583,461.669
312.735,409.432,295.88,412.315,202.782,433.816,177.172,448.198,146.3,460.001,101.3,447.453,73.913,400.305,283.345,561.436,285.069,523.676,235.864,466.242,269.93,423.167,245.623,527.474,225.312,446.78,179.105,474.409,185.914,452.285,49.974,536.758,87.933,431.055,139.401,475.792,156.558,461.669
312.723,409.435,295.878,412.355,202.781,433.743,177.173,448.197,146.233,460.039,101.3,447.388,73.963,400.285,283.377,561.433,285.069,523.686,235.862,466.209,269.923,423.167,245.569,527.503,225.312,446.79,179.104,474.412,185.906,452.285,49.986,536.818,87.904,431.002,139.351,475.797,156.47,461.716
312.7,409.438,295.868,412.357,202.762,433.743,177.173,448.197,146.195,460.074,101.309,447.364,74.055,400.282,283.41,561.436,285.085,523.736,235.86,466.209,269.922,423.168,245.568,527.504,225.31,446.8,179.09,474.419,185.878,452.285,49.986,536.828,87.857,430.996,139.304,475.817,156.401,461.773
312.666,409.439,295.849,412.365,202.754,433.743,177.165,448.198,146.195,460.074,101.318,447.364,74.089,400.235,283.463,561.431,285.085,523.754,235.86,466.209,269.923,423.168,245.558,527.525,225.31,446.809,179.043,474.421,185.873,452.29,49.986,536.828,87.85,430.939,139.278,475.837,156.372,461.805
312.666,409.443,295.845,412.367,202.708,433.786,177.133,448.22,146.191,460.074,101.35,447.37,74.122,400.221,283.55,561.436,285.103,523.754,235.85,466.209,269.922,423.17,245.558,527.525,225.307,446.869,179.011,474.425,185.839,452.297,49.986,536.828,87.85,430.902,139.278,475.841,156.371,461.805
312.663,409.444,295.838,412.367,202.707,433.786,177.13,448.22,146.195,460.017,101.365,447.37,74.211,400.043,283.611,561.436,285.141,523.754,235.801,466.209,269.922,423.177,245.558,527.525,225.253,446.944,179.011,474.426,185.837,452.307,49.984,536.815,87.85,430.847,139.266,475.877,156.364,461.805
312.666,409.444,295.833,412.367,202.703,433.787,177.125,448.223,146.206,460.008,101.407,447.364,74.235,399.945,283.618,561.445,285.154,523.744,235.801,466.231,269.911,423.177,245.558,527.531,225.253,446.995,179.011,474.428,185.832,452.315,49.983,536.815,87.891,430.755,139.231,475.877,156.364,461.805
312.663,409.444,295.828,412.367,202.703,433.786,177.125,448.22,146.206,460.0,101.365,447.354,74.314,399.863,283.672,561.465,285.154,523.744,235.801,466.235,269.911,423.183,245.577,527.531,225.241,447.026,179.013,474.443,185.837,452.315,49.984,536.815,87.924,430.731,139.229,475.877,156.364,461.802
312.655,409.457,295.815,412.367,202.701,433.784,177.125,448.22,146.195,459.995,101.394,447.341,74.396,399.806,283.769,561.503,285.242,523.666,235.824,466.237,269.911,423.188,245.583,527.531,225.253,447.047,179.027,474.454,185.837,452.33,49.989,536.815,87.924,430.694,139.199,475.873,156.359,461.78
312.65,409.546,295.808,412.378,202.701,433.775,177.128,448.214,146.195,459.968,101.408,447.341,74.502,399.805,283.799,561.503,285.257,523.629,235.855,466.294,269.93,423.197,245.583,527.531,225.241,447.05,179.027,474.454,185.838,452.332,49.988,536.817,87.935,430.644,139.195,475.869,156.359,461.734
312.644,409.563,295.78,412.387,202.701,433.773,177.128,448.214,146.151,459.952,101.414,447.341,74.586,399.733,283.834,561.503,285.298,523.614,235.855,466.294,269.93,423.199,245.583,527.525,225.255,447.082,179.035,474.462,185.842,452.332,49.988,536.825,87.978,430.641,139.195,475.869,156.336,461.733
312.597,409.58,295.74,412.415,202.703,433.757,177.174,448.156,146.151,459.932,101.434,447.354,74.737,399.693,283.834,561.479,285.298,523.582,235.855,466.294,269.933,423.206,245.583,527.512,225.255,447.084,179.027,474.47,185.843,452.332,49.988,536.817,88.005,430.644,139.195,475.866,156.285,461.728
312.581,409.587,295.732,412.421,202.729,433.757,177.216,448.128,146.195,459.932,101.44,447.359,74.82,399.48,283.863,561.418,285.328,523.54,235.845,466.294,269.937,423.208,245.583,527.512,225.265,447.09,179.026,474.48,185.851,452.332,49.988,536.813,88.117,430.644,139.195,475.866,156.285,461.713
312.581,409.591,295.731,412.427,202.744,433.757,177.223,448.12,146.206,459.856,101.529,447.359,74.964,399.447,283.981,561.397,285.446,523.533,235.845,466.3,269.952,423.208,245.586,527.512,225.277,447.09,179.024,474.507,185.854,452.339,49.988,536.813,88.125,430.775,139.21,475.858,156.285,461.713
312.581,409.598,295.731,412.427,202.747,433.757,177.231,448.116,146.272,459.838,101.532,447.354,74.98,399.412,284.0,561.418,285.603,523.54,235.845,466.274,269.956,423.217,245.596,527.512,225.28,447.09,179.024,474.509,185.856,452.343,49.992,536.813,88.145,430.87,139.21,475.842,156.299,461.713
312.59,409.607,295.731,412.434,202.751,433.757,177.231,448.116,146.275,459.811,101.532,447.29,77.059,398.705,284.035,561.418,285.614,523.517,235.846,466.267,269.956,423.22,245.597,527.516,225.299,447.072,179.024,474.509,185.873,452.345,49.994,536.808,88.146,430.906,139.21,475.84,156.304,461.707
312.59,409.63,295.728,412.459,202.882,433.726,177.258,448.068,146.293,459.771,101.57,447.153,77.176,398.502,284.123,561.471,285.823,523.493,235.866,466.285,269.956,423.267,245.623,527.551,225.342,447.057,179.024,474.507,185.905,452.352,50.0,536.802,88.183,430.906,139.222,475.837,156.313,461.705
312.59,409.634,295.622,412.528,202.882,433.726,177.263,448.066,146.411,459.706,101.57,447.151,77.323,398.46,284.135,561.542,285.889,523.491,235.866,466.285,269.912,423.29,245.643,527.58,225.412,447.057,179.024,474.497,185.909,452.357,50.0,536.799,88.25,430.906,139.281,475.817,156.427,461.668
312.539,409.64,295.536,412.571,202.882,433.726,177.269,448.066,146.434,459.684,101.598,447.151,77.353,398.455,284.135,561.658,285.947,523.491,235.873,466.285,269.834,423.291,245.667,527.58,225.431,447.057,179.019,474.497,185.912,452.357,49.995,536.799,88.264,430.895,139.281,475.817,156.439,461.662
312.535,409.66,295.534,412.578,202.875,433.731,177.271,448.066,146.531,459.667,101.618,447.151,77.425,398.19,284.123,561.793,285.947,523.395,235.924,466.349,269.831,423.294,245.711,527.58,225.444,447.064,179.019,474.495,185.912,452.356,49.995,536.799,88.366,430.826,139.281,475.815,156.48,461.657
312.449,409.755,295.534,412.578,202.874,433.732,177.271,448.068,146.531,459.667,101.618,447.15,77.432,398.163,284.151,561.793,286.096,523.316,235.866,466.349,269.83,423.333,245.711,527.577,225.431,447.064,179.014,474.497,185.912,452.357,49.995,536.799,88.366,430.826,139.281,475.817,156.492,461.657
312.449,409.763,295.536,412.571,202.874,433.741,177.272,448.068,146.531,459.667,101.618,447.15,77.509,398.158,284.151,561.793,286.11,523.287,235.861,466.349,269.831,423.336,245.711,527.575,225.431,447.064,179.013,474.499,185.918,452.357,49.995,536.799,88.388,430.826,139.281,475.817,156.494,461.657
312.319,409.764,295.655,412.547,202.874,433.827,177.276,448.093,146.457,459.968,101.754,447.143,77.76,397.98,284.567,561.746,286.396,523.051,235.857,466.338,269.834,423.519,245.434,527.203,224.582,446.3,178.953,474.538,185.935,452.404,50.134,536.723,88.388,431.033,139.36,475.931,156.55,461.887
312.319,409.779,295.72,412.547,202.968,433.827,177.328,448.093,146.45,459.998,101.754,447.143,77.871,397.98,284.725,561.746,286.453,523.041,235.857,466.331,269.848,423.519,245.423,527.202,224.582,446.261,178.953,474.54,185.969,452.412,50.134,536.706,88.344,431.033,139.37,475.982,156.561,461.904
312.313,409.779,295.72,412.547,202.986,433.827,177.341,448.093,146.444,459.998,101.754,447.143,77.885,397.971,284.874,561.722,286.506,523.03,235.857,466.323,269.907,423.519,245.418,527.194,224.582,446.222,178.945,474.54,185.982,452.417,50.136,536.703,88.342,431.033,139.37,475.988,156.561,461.918
312.313,409.779,295.72,412.547,202.986,433.827,177.341,448.093,146.444,459.998,101.791,447.158,77.895,397.889,285.119,561.746,286.528,522.969,235.87,466.323,269.907,423.519,245.423,527.202,224.582,446.222,178.945,474.54,185.982,452.417,50.136,536.703,88.344,431.063,139.368,476.02,156.561,461.918
312.303,409.772,295.709,412.551,202.986,433.827,177.36,448.079,146.45,459.998,101.806,447.162,78.034,397.831,287.299,559.643,286.684,522.928,235.881,466.331,269.907,423.519,245.434,527.203,224.594,446.222,178.945,474.55,185.982,452.417,50.163,536.703,88.344,431.02,139.368,476.024,156.561,461.918
312.303,409.767,295.709,412.562,202.98,433.87,177.36,448.079,146.451,459.969,101.831,447.162,78.096,397.809,287.384,559.585,286.707,522.903,235.913,466.433,269.935,423.56,245.483,527.256,224.597,446.315,178.931,474.55,185.961,452.422,50.181,536.726,88.383,431.008,139.366,476.034,156.557,461.947
312.303,409.767,295.709,412.564,202.969,433.872,177.356,448.085,146.455,459.956,101.88,447.158,78.101,397.745,287.663,559.585,286.859,522.884,235.913,466.486,269.889,423.585,245.483,527.266,224.72,446.316,178.928,474.563,185.951,452.446,50.181,536.726,88.392,430.993,139.352,476.034,156.557,461.947
312.317,409.772,295.711,412.57,202.893,433.891,177.341,448.094,146.47,459.955,102.386,445.945,78.393,397.642,287.903,559.474,287.035,522.884,235.913,466.523,269.866,423.607,245.483,527.293,224.748,446.44,178.911,474.575,185.942,452.449,50.181,536.726,88.426,430.979,139.344,476.024,156.551,461.947
312.346,409.775,295.716,412.58,202.669,434.004,177.299,448.188,146.479,459.929,102.475,445.941,78.552,397.408,287.971,559.445,287.12,522.884,235.913,466.561,269.83,423.636,245.47,527.294,224.748,446.457,178.91,474.585,185.875,452.514,50.174,536.713,88.509,430.978,139.324,475.984,156.541,461.95
312.382,409.838,295.808,412.658,202.657,434.064,177.287,448.252,146.507,459.922,102.679,445.923,78.761,397.309,288.071,559.412,287.12,522.912,235.913,466.562,269.819,423.647,245.455,527.31,224.748,446.488,178.908,474.63,185.853,452.573,50.174,536.699,88.65,430.974,139.293,475.971,156.53,461.999
312.398,409.864,295.838,412.671,202.657,434.09,177.287,448.265,146.51,459.922,102.815,445.878,78.847,397.17,288.196,559.359,287.125,522.953,235.944,466.591,269.819,423.653,245.454,527.311,224.696,446.492,178.907,474.662,185.851,452.596,50.174,536.699,88.787,430.968,139.266,475.967,156.525,462.013
312.458,409.904,295.838,412.708,202.657,434.099,177.289,448.288,146.51,459.928,102.976,445.874,78.951,397.155,288.383,559.359,287.12,522.967,235.977,466.602,269.819,423.647,245.445,527.329,224.696,446.488,178.908,474.695,185.851,452.641,50.174,536.699,88.79,430.926,139.199,475.967,156.508,462.029
312.495,409.945,295.839,412.728,202.657,434.111,177.299,448.288,146.516,459.929,103.065,445.851,78.957,397.076,288.428,559.334,287.096,523.056,235.988,466.591,269.87,423.641,245.445,527.343,224.696,446.469,178.908,474.752,185.853,452.646,50.174,536.699,88.808,430.897,139.193,475.967,156.503,462.032
312.548,409.952,295.839,412.747,202.693,434.133,177.331,448.288,146.537,459.96,103.082,445.783,78.97,397.042,288.657,559.334,287.094,523.207,235.988,466.591,269.979,423.653,245.421,527.369,224.705,446.488,178.95,474.765,185.881,452.663,50.176,536.727,88.869,430.891,139.193,475.974,156.458,462.091
312.551,409.955,295.839,412.749,202.72,434.133,177.381,448.3,146.537,459.985,103.19,445.681,78.97,396.996,288.71,559.362,287.088,523.27,235.991,466.567,270.013,423.653,245.419,527.4,224.774,446.501,178.963,474.765,185.881,452.682,50.188,536.727,88.85,430.889,139.199,475.974,156.458,462.134
312.551,409.959,295.84,412.785,202.72,434.136,177.388,448.3,146.535,460.009,103.312,445.633,79.068,396.859,288.905,559.372,287.082,523.439,236.002,466.567,270.067,423.661,245.419,527.4,224.779,446.564,178.975,474.773,185.881,452.687,50.191,536.727,88.895,430.842,139.206,475.974,156.458,462.134
312.551,409.961,295.859,412.785,202.72,434.197,177.414,448.3,146.537,460.024,103.496,445.445,79.217,396.844,288.949,559.432,287.082,523.592,236.023,466.567,270.067,423.69,245.419,527.419,224.867,446.631,178.979,474.796,185.844,452.687,50.191,536.715,88.954,430.789,139.206,475.957,156.458,462.134
312.551,409.98,295.864,412.81,202.622,434.308,177.414,448.347,146.538,460.024,103.554,445.445,79.244,396.562,289.027,559.482,287.076,523.68,236.047,466.667,270.067,423.729,245.51,527.446,224.89,446.685,178.979,474.803,185.844,452.687,50.191,536.715,88.975,430.706,139.206,475.95,156.472,462.109
312.598,409.984,295.865,412.829,202.622,434.338,177.425,448.355,146.553,460.024,103.614,445.445,79.308,396.523,289.091,559.602,287.082,523.858,236.071,466.753,270.043,423.817,245.51,527.481,224.89,446.685,179.037,474.803,185.844,452.687,50.191,536.712,89.053,430.644,139.187,475.943,156.492,462.101
312.598,409.993,295.865,412.837,202.622,434.36,177.45,448.367,146.555,460.024,103.642,445.592,79.419,396.516,289.114,559.602,287.082,524.01,236.097,466.805,269.928,423.853,245.51,527.481,224.904,446.689,179.051,474.803,185.874,452.72,50.191,536.712,89.226,430.527,139.173,475.934,156.54,462.101
312.598,410.043,295.867,412.87,202.632,434.364,177.485,448.367,146.579,460.024,103.73,445.612,79.427,396.492,289.133,559.602,287.346,524.137,236.172,466.837,269.928,423.853,245.487,527.494,224.913,446.712,179.073,474.806,185.96,452.72,50.217,536.712,89.267,430.509,139.171,475.934,156.553,462.101
312.6,410.075,295.875,412.885,202.648,434.526,177.496,448.403,146.636,460.053,103.967,445.613,79.427,396.516,289.289,559.539,287.361,524.246,236.235,466.843,269.928,423.853,245.42,527.494,224.908,446.712,179.086,474.806,185.983,452.777,50.221,536.712,89.29,430.499,139.154,475.934,156.613,462.168
312.6,410.125,295.886,412.932,202.648,434.566,177.505,448.416,146.64,460.092,104.103,445.612,79.459,396.492,289.382,559.514,287.395,524.302,236.303,466.917,269.995,423.84,245.42,527.481,224.941,446.712,179.1,474.834,185.983,452.799,50.221,536.712,89.385,430.509,139.134,475.975,156.613,462.219
312.6,410.152,295.886,412.982,202.633,434.645,177.526,448.422,146.643,460.097,104.127,445.612,79.419,396.492,289.575,559.484,287.45,524.316,236.4,466.995,270.05,423.84,245.42,527.479,224.941,446.712,179.101,474.869,185.96,452.82,50.221,536.719,89.402,430.527,139.101,476.079,156.619,462.24
312.601,410.219,295.886,412.988,202.633,434.656,177.562,448.427,146.69,460.123,104.362,445.586,79.082,396.632,289.646,559.437,287.45,524.322,236.495,467.134,270.058,423.84,245.427,527.479,224.941,446.708,179.107,474.869,185.96,452.847,50.221,536.727,89.402,430.536,139.089,476.079,156.626,462.306
312.622,410.278,295.901,413.042,202.674,434.657,177.564,448.45,146.703,460.127,104.471,445.527,79.082,396.654,289.787,559.412,287.45,524.322,236.534,467.295,270.125,423.843,245.449,527.477,224.957,446.708,179.11,474.869,185.983,452.848,50.213,536.76,89.402,430.552,139.081,476.091,156.635,462.31
312.66,410.286,295.901,413.062,202.674,434.724,177.571,448.478,146.712,460.136,104.637,445.498,79.179,396.654,289.826,559.412,287.474,524.356,236.543,467.326,270.15,423.907,245.449,527.477,225.161,446.692,179.187,474.874,185.988,452.855,50.213,536.763,89.257,431.83,139.081,476.091,156.657,462.329
312.663,410.289,295.901,413.121,202.678,434.743,177.571,448.492,146.712,460.142,104.768,445.496,79.179,396.654,289.996,559.437,287.56,524.356,236.634,467.392,270.24,423.925,245.452,527.477,225.25,446.689,179.193,474.883,185.989,452.856,50.211,536.763,89.132,431.854,139.058,476.108,156.657,462.333
312.678,410.404,295.979,413.167,202.752,434.772,177.629,448.494,146.712,460.18,104.777,445.488,79.273,396.562,290.148,559.461,287.706,524.356,236.738,467.577,270.312,424.012,245.452,527.479,225.25,446.689,179.282,474.923,186.025,452.894,50.136,536.763,89.132,431.867,139.048,476.135,156.657,462.337
312.726,410.408,296.059,413.177,202.823,434.78,177.703,448.525,146.657,460.198,104.886,445.446,79.326,396.56,290.354,559.461,287.73,524.337,236.738,467.75,270.359,424.057,245.506,527.497,225.252,446.667,179.349,475.017,186.04,452.953,50.136,536.743,89.137,431.867,139.081,476.223,156.601,462.497
312.727,410.422,296.124,413.198,202.912,434.837,177.714,448.531,146.657,460.198,104.946,445.446,79.369,396.466,290.563,559.488,287.784,524.337,236.764,467.862,270.384,424.074,245.579,527.521,225.252,446.636,179.385,475.117,186.045,453.019,50.136,536.719,89.161,431.93,139.078,476.259,156.584,462.505
312.751,410.425,296.159,413.218,202.912,434.867,177.804,448.539,146.657,460.216,105.251,445.431,79.443,396.432,290.767,559.461,287.886,524.325,236.773,467.866,270.473,424.101,245.598,527.525,225.252,446.651,179.484,475.219,186.045,453.073,50.136,536.719,89.161,432.025,139.078,476.283,156.584,462.525
312.784,410.449,296.17,413.242,202.858,435.006,177.835,448.567,146.698,460.247,105.257,445.407,79.448,396.413,290.773,559.461,287.886,524.325,236.783,467.992,270.508,424.142,245.604,527.57,225.252,446.636,179.49,475.249,186.032,453.085,50.196,536.71,89.221,432.025,139.078,476.296,156.601,462.534
312.813,410.463,296.176,413.271,202.905,435.067,177.929,448.583,146.721,460.369,105.453,445.407,79.656,396.413,290.942,559.409,287.948,524.325,236.864,468.262,270.537,424.159,245.665,527.603,225.339,446.618,179.492,475.298,186.045,453.251,50.201,536.741,89.25,432.025,139.078,476.412,156.626,462.615
312.841,410.567,296.218,413.338,202.905,435.129,177.957,448.584,146.822,460.385,105.519,445.421,79.69,396.395,290.958,559.377,288.01,524.325,236.893,468.367,270.537,424.229,245.707,527.616,225.347,446.618,179.493,475.338,186.045,453.339,50.201,536.71,89.345,431.845,139.078,476.415,156.677,462.645
312.888,410.614,296.297,413.39,202.905,435.139,178.059,448.639,146.894,460.44,105.558,445.431,79.817,396.395,291.178,559.367,288.241,523.987,236.893,468.448,270.537,424.249,245.826,527.616,225.354,446.618,179.696,475.523,186.063,453.437,50.196,536.71,89.451,431.687,139.096,476.488,156.726,462.66
312.933,410.618,296.359,413.39,202.989,435.178,178.205,448.657,147.005,460.474,105.725,445.442,79.907,396.377,291.27,559.367,288.252,523.987,236.956,468.459,270.515,424.33,245.862,527.616,225.404,446.611,179.767,475.567,186.088,453.446,50.193,536.63,89.489,431.572,139.128,476.52,156.794,462.664
312.967,410.621,296.427,413.39,202.992,435.326,178.249,448.733,147.031,460.475,105.891,445.51,80.082,396.359,291.345,559.363,288.283,523.979,236.981,468.642,270.515,424.336,245.862,527.598,225.51,446.618,179.77,475.587,186.147,453.542,50.132,536.543,89.503,431.516,139.137,476.521,156.794,462.744
313.04,410.618,296.519,413.35,202.999,435.398,178.325,448.812,147.038,460.487,105.998,445.51,80.203,396.312,291.348,559.331,288.372,523.973,236.976,468.642,270.515,424.34,245.862,527.543,225.522,446.609,179.773,475.643,186.149,453.729,50.132,536.543,89.533,431.488,139.153,476.544,156.827,462.836
313.109,410.614,296.539,413.33,203.021,435.453,178.444,448.865,147.088,460.518,106.046,445.574,80.318,396.258,291.427,559.331,288.571,523.883,236.981,468.771,270.517,424.34,245.871,527.513,225.581,446.592,179.833,475.671,186.232,453.768,50.122,536.522,89.585,431.389,139.173,476.622,156.845,462.929
313.172,410.618,296.587,413.33,203.156,435.486,178.596,448.883,147.232,460.545,106.273,445.574,80.398,396.202,291.55,559.304,288.716,523.973,237.031,468.776,270.542,424.34,245.82,527.508,225.629,446.592,179.87,475.721,186.33,453.791,50.122,536.502,89.612,431.351,139.249,476.744,156.857,462.957
313.294,410.621,296.736,413.335,203.19,435.65,178.624,448.914,147.265,460.554,106.288,445.598,80.559,396.023,291.622,559.304,288.784,523.973,237.32,468.877,270.771,423.174,245.811,527.457,225.76,446.618,179.881,475.761,186.409,453.829,50.029,536.398,89.687,431.273,139.259,476.746,156.971,462.959
313.441,410.638,296.848,413.335,203.316,435.727,178.761,448.958,147.465,460.569,106.553,445.614,80.655,395.751,291.622,559.304,288.884,524.07,237.433,468.955,270.843,423.174,245.811,527.457,225.855,446.573,179.904,475.785,186.505,453.898,50.016,536.398,89.727,431.242,139.299,476.828,157.159,462.959
313.568,410.701,296.951,413.335,203.331,435.876,178.897,448.996,147.556,460.617,106.553,445.647,80.79,395.746,291.622,559.349,288.884,524.257,237.466,468.955,271.039,423.174,245.811,527.457,225.867,446.672,179.966,475.904,186.589,453.905,50.016,536.398,89.8,431.157,139.321,476.863,157.26,462.997
313.693,410.701,297.026,413.335,203.337,435.906,178.901,449.022,147.676,460.711,106.555,445.654,80.873,395.611,291.622,559.542,288.918,524.264,237.506,468.958,271.067,423.184,245.811,527.462,225.876,446.722,180.109,476.015,186.597,453.923,50.018,536.437,89.979,430.93,139.398,477.003,157.374,463.041
313.74,410.701,297.118,413.336,203.355,436.096,178.916,449.094,147.694,460.762,106.625,445.654,81.015,395.531,291.659,559.611,288.969,524.409,237.508,468.958,271.115,423.341,245.882,527.585,225.89,446.792,180.23,476.026,186.632,453.932,50.018,536.472,90.109,430.927,139.507,477.041,157.417,463.05
313.888,410.701,297.175,413.336,203.49,436.183,179.034,449.106,147.807,460.837,106.793,445.688,81.13,395.519,291.671,559.932,289.023,524.54,237.512,468.958,271.138,423.405,245.963,527.585,225.893,446.88,180.237,476.033,186.709,453.934,49.985,536.472,90.161,430.843,139.616,477.127,157.5,463.091
313.958,410.701,297.333,413.351,203.53,436.312,179.079,449.195,147.92,460.903,106.835,445.715,81.338,395.519,291.773,560.011,289.255,524.796,237.557,468.968,271.245,423.42,245.993,527.589,226.028,446.902,180.286,476.044,186.766,454.018,50.018,536.489,90.175,430.843,139.682,477.151,157.599,463.185
314.509,411.062,297.421,413.367,203.59,436.392,179.163,449.248,148.088,460.943,106.867,445.715,81.44,395.517,291.961,560.037,289.572,525.116,237.56,469.025,271.263,423.469,245.994,527.608,226.114,446.964,180.312,476.096,186.877,454.046,50.019,536.472,90.211,430.836,139.734,477.281,157.705,463.278
314.637,411.074,297.555,413.369,203.673,436.403,179.234,449.348,148.22,460.99,106.994,445.809,81.712,395.519,291.981,560.099,289.632,525.416,237.571,469.026,271.323,423.567,245.993,527.71,226.2,447.12,180.312,476.153,186.939,454.15,50.025,536.459,90.23,430.821,139.82,477.294,157.846,463.294
314.746,411.109,297.734,413.416,203.828,436.723,179.505,449.468,148.409,461.015,106.994,445.836,81.844,395.534,292.213,560.2,289.66,525.671,237.577,469.038,271.325,423.631,245.963,527.71,226.23,447.309,180.326,476.228,187.124,454.21,50.025,536.442,90.368,430.757,139.835,477.312,158.103,463.471
314.912,411.209,298.038,413.474,203.914,436.873,179.573,449.581,148.503,461.076,106.867,445.916,82.07,395.671,292.213,560.661,289.704,525.784,237.705,469.042,271.581,423.65,245.956,527.71,226.302,447.459,180.368,476.231,187.158,454.342,50.025,536.421,90.438,430.674,139.894,477.336,158.153,463.543
314.98,411.222,298.09,413.537,203.93,436.892,179.654,449.622,148.704,461.111,106.499,446.349,82.265,395.789,292.213,560.891,291.58,525.87,237.758,469.042,271.651,423.673,245.862,527.688,226.305,447.466,180.49,476.273,187.338,454.402,50.015,536.421,90.475,430.674,139.95,477.345,158.357,463.661
315.06,411.222,298.205,413.537,204.012,437.072,179.768,449.862,148.865,461.275,106.499,446.349,82.574,395.789,291.285,561.469,291.58,526.135,237.888,469.081,271.775,423.678,245.806,527.669,226.302,447.595,180.524,476.3,187.355,454.456,50.015,536.442,90.475,430.674,139.963,477.348,158.548,463.685
315.169,411.222,298.286,413.537,204.145,437.165,179.888,450.002,149.029,461.279,106.499,446.349,82.868,395.789,291.285,561.589,291.598,526.271,237.971,469.134,271.88,423.7,245.744,527.648,226.302,447.612,180.673,476.316,187.595,454.603,50.015,536.429,90.503,431.022,139.971,477.355,158.593,463.828
315.23,411.222,298.669,413.547,204.149,437.247,179.982,450.077,149.165,461.314,106.536,446.355,82.923,395.649,291.285,561.69,291.721,526.472,238.192,469.16,271.965,423.703,245.701,527.514,226.104,447.767,180.882,476.326,187.774,454.658,50.006,536.429,90.503,431.148,140.004,477.415,158.677,463.866
315.381,411.204,298.751,413.577,204.387,437.289,180.17,450.091,149.516,461.414,106.901,446.355,83.169,395.632,291.775,561.749,291.741,526.6,238.234,469.221,272.455,423.777,245.599,527.505,226.055,447.804,181.007,476.403,188.1,454.669,50.01,536.429,90.666,431.234,140.186,477.509,159.036,463.907
315.595,411.204,298.952,413.706,204.507,437.414,180.187,450.231,149.568,461.496,106.98,446.355,83.334,395.601,292.507,561.781,292.124,526.6,238.628,469.404,272.549,423.827,245.47,527.499,225.977,447.895,181.026,476.43,188.189,454.683,50.01,536.421,90.666,431.368,140.193,477.641,159.036,463.971
315.738,411.204,299.112,413.717,204.831,437.468,180.469,450.248,149.892,461.496,107.236,446.355,83.563,395.553,292.865,561.883,292.819,526.634,238.667,469.504,272.624,423.83,245.415,527.505,225.855,448.243,181.27,476.519,188.358,454.759,50.008,536.421,90.666,431.398,140.476,477.641,159.3,464.117
315.944,411.338,299.278,413.744,205.09,437.533,180.599,450.409,149.918,461.519,107.395,446.355,83.902,395.553,293.079,562.161,292.918,526.658,238.854,469.745,272.671,423.908,245.292,527.505,225.855,448.243,181.372,476.532,188.518,454.792,50.006,536.421,90.652,431.473,140.502,477.668,159.32,464.213
316.158,411.374,299.425,413.744,205.266,437.622,180.737,450.445,150.24,461.519,107.595,446.257,84.104,395.553,293.116,562.472,293.42,526.658,238.974,470.663,272.788,423.953,245.227,527.474,225.813,448.243,181.415,476.572,188.664,454.828,50.003,536.423,90.637,431.548,140.527,477.696,159.422,464.245
316.167,411.412,299.507,413.912,205.549,437.627,181.001,450.522,150.327,461.557,107.94,446.257,84.404,395.583,293.205,562.636,293.432,526.658,239.622,470.975,272.887,424.049,245.225,527.464,225.749,448.121,181.568,476.575,188.851,454.964,50.003,536.425,90.637,431.977,140.555,477.696,159.469,464.49
316.335,411.412,299.666,413.99,205.897,437.683,181.366,450.656,150.644,461.577,108.366,446.257,84.682,395.598,293.347,562.848,294.045,526.658,240.054,471.139,273.051,424.135,245.213,527.426,225.654,447.929,181.656,476.575,188.94,455.431,49.999,536.439,90.652,432.507,140.767,477.783,159.585,464.563
316.462,411.443,299.725,414.059,206.15,437.799,181.627,450.764,150.878,461.577,108.619,446.297,85.001,395.598,293.397,563.236,294.049,526.658,240.53,471.211,273.152,424.372,245.185,527.421,225.651,447.717,181.889,476.629,189.175,455.568,49.998,536.45,90.728,432.705,141.034,477.817,159.709,464.664
316.64,411.457,299.839,414.121,206.255,437.829,181.799,450.814,151.162,461.577,109.004,446.319,85.341,395.598,293.596,563.938,294.132,526.64,240.95,471.321,273.33,424.46,245.168,527.376,225.651,447.472,182.037,476.629,189.368,455.586,49.997,536.461,90.947,432.705,141.244,477.817,159.945,464.725
316.972,411.51,299.981,414.235,206.617,438.036,181.916,450.917,151.648,461.386,109.061,446.322,85.758,395.554,293.699,564.222,294.454,526.701,241.339,471.665,273.531,424.507,245.137,527.37,225.638,447.472,182.242,476.629,189.563,455.68,49.981,536.485,91.139,432.705,141.315,477.817,160.156,464.749
317.293,411.544,300.081,414.301,206.81,438.27,181.974,451.107,151.846,461.386,109.297,446.336,86.076,395.554,294.594,564.328,294.961,526.735,241.549,471.694,273.695,424.558,245.137,527.238,225.638,447.472,182.304,476.653,189.683,455.705,49.975,536.491,91.398,432.688,141.559,477.402,160.366,464.749
317.516,411.672,300.351,414.378,206.978,438.573,182.024,451.492,152.157,461.386,109.473,446.336,86.381,395.533,295.02,564.33,295.312,526.763,241.699,472.312,273.957,424.628,245.137,527.218,225.516,447.53,182.415,476.748,189.731,456.033,49.971,536.538,91.958,432.503,141.862,477.328,160.64,464.941
317.657,411.788,300.556,414.502,207.403,438.61,182.233,451.494,152.375,461.421,109.915,446.319,86.623,395.533,295.284,564.781,295.644,527.046,241.708,472.526,274.243,424.767,245.125,527.122,225.437,447.701,182.441,476.859,189.923,456.086,49.975,536.553,92.29,432.503,142.037,477.328,160.786,465.023
318.09,411.834,300.876,414.546,207.55,438.614,182.544,451.778,152.506,461.462,110.124,445.413,87.014,395.533,296.214,564.906,296.69,527.178,242.16,472.544,274.38,424.932,244.979,527.079,225.399,447.701,182.575,477.051,189.985,456.226,49.975,536.559,92.765,432.503,142.192,477.328,160.964,465.023
318.284,411.857,301.153,414.681,208.404,438.76,182.854,451.824,153.113,461.502,110.148,445.381,87.403,395.506,297.287,565.069,297.561,527.731,242.547,472.76,274.638,425.043,244.979,527.014,225.124,447.893,182.608,477.308,190.239,456.339,49.975,536.576,93.566,433.499,142.7,477.313,161.572,465.023
318.398,411.878,301.444,414.681,208.459,438.85,183.008,452.1,153.352,461.646,110.34,445.363,87.863,395.443,298.965,565.138,297.881,527.779,243.139,473.375,275.03,425.063,244.949,527.014,225.124,447.984,182.667,477.475,190.239,456.462,49.975,536.578,93.688,433.501,143.893,477.308,162.09,464.966
318.637,412.515,301.779,414.681,208.525,439.025,183.152,452.289,153.65,461.678,110.957,445.381,87.953,395.392,299.718,565.359,298.172,528.153,243.62,473.427,275.452,425.09,244.869,527.014,225.124,447.984,182.689,477.576,190.239,456.585,49.988,536.579,93.989,433.614,144.08,477.295,162.907,464.751
318.693,412.647,302.116,414.691,208.687,439.26,183.358,452.453,153.68,461.897,111.139,445.399,88.118,395.194,300.633,565.359,298.462,528.643,244.263,473.757,275.746,425.209,244.822,527.014,225.136,447.893,183.149,477.824,190.456,457.546,49.988,536.583,94.325,433.501,144.319,477.277,163.16,464.751
318.982,412.647,302.255,414.698,209.027,439.409,183.6,452.522,153.803,462.078,111.527,445.381,88.472,395.021,301.36,565.984,298.658,528.657,245.048,474.043,276.015,425.284,244.869,527.014,225.31,447.893,183.595,477.993,190.536,457.618,50.003,536.59,95.195,433.499,144.548,477.277,163.496,464.751
319.116,412.647,302.292,414.698,209.401,439.497,183.818,452.553,154.014,462.342,111.677,445.363,88.71,394.972,301.685,566.738,299.447,529.794,245.845,474.111,276.158,425.449,244.869,527.025,225.331,447.838,183.595,477.993,190.565,457.618,50.018,536.59,95.415,433.359,144.738,477.275,163.703,464.753
319.258,412.659,302.373,414.739,209.438,439.732,183.968,452.623,154.196,462.523,111.992,445.381,88.994,394.782,302.48,566.738,299.597,530.422,246.709,474.669,276.364,425.672,245.149,526.998,225.557,447.68,183.595,478.044,190.771,457.637,50.023,536.59,95.641,432.955,144.911,477.272,163.877,464.847
319.57,412.659,302.663,414.911,210.041,439.76,184.292,452.647,154.447,462.586,112.392,445.371,89.202,394.732,303.322,566.738,300.29,531.101,246.933,474.815,276.712,425.871,245.149,526.978,225.731,447.68,183.427,478.121,191.539,457.73,50.061,536.485,95.93,432.955,145.083,477.272,164.193,464.865
319.782,412.776,303.028,415.169,210.149,439.891,184.503,452.647,154.764,462.665,113.09,445.371,89.546,394.732,304.863,566.116,301.997,531.101,247.377,475.193,277.073,426.045,245.149,526.978,226.071,447.68,183.427,478.146,191.855,457.73,50.065,536.464,96.299,432.817,145.376,477.272,164.491,464.868
320.083,412.897,303.31,415.217,210.29,440.139,184.765,452.831,155.255,462.785,113.583,445.381,89.857,394.732,306.115,566.116,303.305,531.101,247.896,475.259,277.462,426.138,245.109,526.998,226.37,447.71,183.427,478.269,192.08,457.606,50.065,536.458,96.478,432.77,145.732,477.272,164.832,464.96
320.436,413.074,303.598,415.32,210.859,440.21,185.199,452.849,155.66,462.885,114.149,445.521,90.249,394.9,306.254,566.116,304.942,530.022,249.807,475.428,278.077,426.245,245.05,526.978,226.775,447.779,183.693,478.515,194.067,456.663,50.065,536.456,96.49,432.756,146.085,477.272,165.255,465.003
320.985,413.155,304.301,415.917,211.385,440.21,185.589,452.996,155.802,463.253,114.291,445.566,90.667,394.933,306.292,566.634,305.78,529.542,250.545,475.434,278.63,426.517,245.002,526.843,226.88,447.83,184.021,478.546,194.448,456.611,50.065,536.456,96.89,432.635,146.141,478.332,165.532,465.133
321.555,413.294,304.932,416.066,212.142,440.29,186.102,453.041,156.107,463.455,115.096,445.826,91.173,394.95,306.316,568.164,307.014,529.542,251.183,476.253,279.373,426.521,244.934,526.839,227.258,447.859,184.666,478.546,194.828,456.611,50.065,536.445,97.353,432.558,146.438,478.355,166.048,465.277
322.064,413.356,305.393,416.34,213.126,440.311,186.441,453.043,156.63,463.493,115.638,445.826,91.749,395.044,307.709,568.528,307.679,529.542,251.888,476.459,280.1,426.82,244.731,526.497,227.381,447.965,184.946,478.546,195.137,456.663,50.063,536.445,97.912,432.435,146.723,478.355,166.448,465.29
322.579,413.421,305.818,416.579,213.357,440.373,186.719,453.12,157.031,463.511,116.194,445.826,92.266,395.044,309.77,568.528,309.125,529.83,253.065,477.662,280.437,426.864,244.694,526.412,227.438,447.965,185.13,478.563,195.507,456.669,50.063,536.445,97.912,432.435,146.919,478.355,166.755,465.421
323.237,413.563,306.189,416.984,213.56,440.698,187.089,453.268,157.381,463.516,116.548,445.189,92.995,395.044,312.294,568.528,310.872,530.212,254.516,478.681,281.001,427.173,244.53,526.391,227.496,447.965,185.325,478.563,195.953,456.915,50.049,536.431,97.912,432.635,147.033,478.284,167.084,465.511
323.933,414.047,306.753,417.379,213.612,440.994,187.498,453.386,157.923,463.516,116.949,445.042,93.571,394.998,316.267,567.784,311.998,530.239,254.941,478.853,281.512,427.428,244.446,526.254,227.519,447.965,185.678,478.563,196.27,456.953,50.049,536.431,97.912,432.909,147.389,478.25,167.425,465.715
324.373,414.252,307.071,417.574,214.51,441.132,188.211,453.433,158.604,463.516,117.776,444.96,94.264,394.998,317.605,567.719,313.513,531.224,256.283,479.55,281.932,427.822,244.199,526.266,228.082,447.924,186.044,478.563,196.925,457.027,50.049,536.431,97.912,433.1,147.687,478.139,168.148,465.715
325.13,414.538,307.729,417.591,215.21,441.295,188.738,453.462,158.979,462.942,118.392,444.96,94.343,394.994,319.272,567.705,314.795,531.224,257.39,479.55,282.775,428.129,244.105,526.254,228.464,447.845,186.654,478.487,197.221,457.039,50.074,536.436,97.99,433.224,148.12,478.12,168.523,465.762
325.93,414.681,308.446,417.679,216.543,441.304,189.584,453.502,159.551,462.82,118.79,444.96,94.695,394.764,319.801,567.705,316.292,531.224,258.24,479.55,283.284,428.486,244.063,526.243,228.996,447.624,187.221,478.374,198.107,457.088,50.074,536.474,98.67,433.306,148.807,478.018,169.318,465.762
326.2,414.812,308.985,417.846,216.654,441.364,190.081,453.512,159.932,462.716,119.1,446.308,95.027,394.753,321.047,567.474,318.188,530.896,259.281,480.532,283.981,428.8,244.063,526.122,229.265,447.522,187.364,478.374,198.332,457.371,50.074,536.502,99.27,433.345,149.27,477.922,169.318,465.762
326.646,415.103,310.401,418.549,217.036,441.449,190.757,453.726,160.448,462.716,119.864,446.308,95.815,394.735,322.689,567.474,321.0,530.566,260.223,481.28,284.635,429.18,244.105,526.172,229.826,447.474,187.953,478.374,198.953,457.565,50.07,536.522,99.668,433.74,149.445,477.887,169.318,465.762
327.238,415.371,311.241,418.654,217.237,441.615,191.154,453.726,160.987,462.698,120.643,446.308,96.053,394.073,325.321,567.257,323.102,530.433,261.493,482.009,285.49,429.537,244.266,526.172,230.582,447.424,188.544,478.374,199.422,457.686,49.97,536.532,99.668,433.898,150.139,477.716,169.517,465.791
328.082,415.406,311.891,418.657,217.42,441.728,191.673,453.726,161.201,462.698,121.136,445.921,96.675,393.762,330.945,565.875,324.621,529.506,262.732,482.397,286.405,430.07,244.303,525.986,230.915,447.424,188.964,478.374,199.972,457.686,49.959,536.522,99.668,433.917,150.759,477.583,170.004,465.791
330.307,416.822,312.975,418.939,217.691,441.819,192.327,453.274,161.818,462.698,121.716,445.694,97.401,393.726,334.403,565.604,326.573,529.401,264.014,482.951,287.15,430.137,244.355,525.971,231.167,447.474,189.205,478.24,200.394,457.686,49.928,536.522,99.503,434.043,151.505,477.241,170.04,465.791
331.256,416.966,313.813,419.298,218.332,441.819,193.101,453.029,162.585,462.444,122.332,445.64,97.929,393.296,334.896,565.061,328.829,529.022,265.908,484.147,287.737,430.39,244.355,525.951,231.413,447.357,189.772,478.24,201.059,457.686,49.928,536.522,99.356,434.103,152.224,476.907,170.737,465.571
332.071,417.203,314.254,419.654,218.457,441.819,193.522,452.921,163.255,462.249,123.452,445.414,98.927,393.251,336.069,564.675,328.864,528.88,267.53,484.688,287.898,430.397,244.355,525.488,231.86,447.357,190.216,478.24,201.221,457.686,49.937,536.567,99.306,434.547,152.999,476.402,171.516,465.311
332.64,417.268,314.653,420.054,218.953,441.696,194.269,452.846,163.644,462.217,124.292,445.28,99.716,393.166,339.151,564.192,331.297,528.637,268.84,485.178,288.367,430.647,244.379,525.284,232.232,447.357,190.507,478.422,201.464,457.837,49.937,536.567,99.184,435.202,153.11,476.222,172.021,465.243
333.442,417.689,315.0,420.529,220.001,441.523,195.354,452.524,164.374,462.045,125.312,444.929,100.688,393.127,342.642,563.343,334.69,528.544,270.162,485.469,289.112,430.934,244.355,524.966,234.861,447.357,191.913,478.519,201.843,458.141,50.018,536.77,98.67,435.575,154.467,475.422,172.772,464.951
334.161,418.07,315.704,420.814,220.397,441.518,195.956,452.477,164.735,462.045,126.091,444.4,102.067,393.089,347.622,561.372,336.381,527.146,271.146,486.184,290.369,431.31,244.283,524.691,235.902,447.357,192.399,478.519,202.015,458.141,50.018,536.836,97.708,435.61,154.522,475.021,173.183,464.828
334.924,418.494,316.626,421.31,221.583,441.427,196.822,452.134,165.701,461.685,127.29,443.915,102.408,391.778,351.048,561.302,338.349,526.48,272.599,486.978,291.259,431.569,244.265,524.605,237.355,447.685,193.275,478.519,202.698,458.141,50.018,536.886,97.501,435.674,155.031,474.611,173.9,464.403
335.404,418.926,317.399,421.768,222.234,441.376,197.619,452.016,166.11,461.617,128.28,443.07,103.552,391.617,352.584,560.43,340.346,525.782,273.857,487.399,292.073,431.869,244.16,524.605,237.539,447.685,194.06,478.049,203.452,457.936,50.013,536.886,97.501,435.735,155.077,474.469,174.415,464.335
335.913,419.312,318.458,422.055,223.789,441.376,198.49,451.848,166.803,461.175,129.25,442.495,104.243,391.343,355.195,559.919,342.97,525.527,275.464,487.943,293.175,432.344,244.125,524.605,238.763,448.019,194.185,477.624,204.159,457.773,50.012,536.887,97.501,435.854,155.259,474.208,174.836,464.016
336.878,419.613,319.625,422.642,225.264,441.383,199.508,451.761,167.93,461.145,129.329,441.994,105.05,390.687,358.448,558.754,345.181,524.775,277.18,487.943,294.206,432.692,244.098,524.7,238.883,448.142,194.84,477.36,205.775,457.419,50.004,536.887,97.812,435.996,156.096,473.71,176.008,463.867
337.814,420.163,320.74,423.415,226.152,441.427,200.223,451.734,168.714,459.906,129.748,441.994,105.995,390.087,362.616,556.582,348.556,523.653,278.987,488.482,294.493,433.792,244.049,524.7,239.181,448.34,195.133,477.107,206.48,457.204,49.971,536.847,97.842,436.001,156.752,473.222,176.466,463.712
339.248,420.727,321.931,424.003,227.316,441.441,201.075,451.734,169.578,459.322,130.226,441.822,106.788,389.802,364.702,555.667,350.603,522.677,281.482,488.989,295.284,433.981,244.014,524.7,239.331,448.469,195.596,476.893,207.784,457.122,49.971,536.837,98.8,436.064,157.541,472.82,177.07,463.562
340.603,421.461,323.061,424.416,228.808,441.556,201.805,451.672,170.361,458.986,131.296,441.555,107.898,389.337,367.591,553.921,352.573,522.593,283.127,489.434,296.309,434.84,244.011,524.572,239.348,448.871,196.211,476.589,208.824,456.878,49.981,536.847,99.572,436.622,158.371,472.343,178.698,463.265
341.353,422.118,323.829,424.86,230.002,441.65,202.861,451.45,171.234,458.848,131.965,441.209,109.522,389.135,369.875,553.701,355.952,522.027,285.824,489.528,297.492,434.961,243.998,524.547,239.712,449.136,197.234,476.502,209.913,456.787,49.981,536.837,100.227,436.822,159.421,472.25,178.773,463.092
342.194,422.549,324.944,425.318,230.7,441.741,203.548,451.448,171.721,458.576,132.815,440.765,110.942,388.082,373.202,552.026,358.865,520.74,286.755,490.32,298.711,435.323,243.978,524.52,239.832,449.663,198.272,476.409,210.891,456.545,50.022,536.834,100.391,437.085,159.993,472.05,179.633,462.629
343.296,423.3,326.581,425.654,231.535,441.944,204.414,451.44,172.514,458.421,133.832,440.101,111.067,387.943,377.872,550.703,361.159,518.615,288.518,491.501,300.452,435.766,243.998,524.43,240.145,450.335,198.512,475.585,211.857,456.545,50.066,536.834,101.19,437.391,161.012,471.95,180.77,462.629
344.927,423.968,328.186,426.614,232.56,442.048,205.448,451.426,173.564,458.236,135.063,439.333,112.017,387.097,381.864,549.467,363.604,516.628,290.921,491.971,301.874,435.827,243.978,524.319,240.663,450.741,199.612,475.493,212.754,456.271,50.066,536.816,101.491,437.629,161.976,471.783,181.743,462.42
346.486,424.656,330.007,426.741,233.388,442.081,206.526,451.121,174.761,457.962,136.001,438.78,113.419,385.88,383.877,547.293,365.113,514.916,292.807,492.123,302.114,436.373,243.791,524.294,241.236,450.95,200.6,475.185,212.789,456.094,50.069,536.813,102.118,437.809,162.999,471.341,182.832,462.079
347.743,425.003,331.34,426.839,233.613,442.081,207.646,450.913,176.334,457.662,137.402,438.772,114.8,385.325,385.653,546.444,366.857,514.121,294.709,492.877,303.06,436.541,243.765,524.294,242.385,450.956,201.49,474.941,214.377,456.094,50.069,536.816,102.869,438.429,164.666,471.171,184.196,461.699
348.617,425.519,332.214,427.268,234.149,442.048,208.987,450.818,178.312,457.026,139.476,438.526,116.141,384.379,389.021,545.651,369.472,513.549,296.961,493.151,304.146,437.058,243.559,524.346,243.401,451.257,202.527,474.887,215.413,456.662,50.079,536.833,103.712,438.477,167.194,471.03,185.92,460.975
349.688,426.18,333.367,427.485,235.028,441.688,210.487,449.711,179.434,456.514,139.596,437.839,118.326,383.86,394.787,540.687,371.381,511.874,299.282,493.292,305.072,437.167,243.244,524.346,244.562,451.364,203.664,474.089,215.651,456.662,50.084,536.828,104.394,438.638,168.075,470.769,187.337,460.364
350.73,426.636,334.802,427.647,236.181,441.688,211.464,449.555,180.584,456.233,140.875,437.122,120.336,383.776,398.175,540.541,374.478,510.208,300.591,493.658,306.305,437.511,243.141,524.457,245.875,452.003,204.891,474.089,216.607,456.662,50.084,536.828,104.587,438.983,168.751,470.492,188.563,460.057
351.61,427.372,335.917,428.198,237.129,441.481,212.081,449.478,181.545,455.916,142.083,436.438,121.113,383.181,399.141,537.857,376.105,508.228,302.518,494.202,307.77,437.749,242.949,524.568,247.251,452.086,205.571,474.089,217.194,456.662,50.084,536.828,104.983,439.351,169.121,470.126,189.728,459.748
352.505,427.665,336.844,428.727,239.472,441.48,212.936,449.202,182.792,455.622,143.318,436.111,122.878,382.144,401.48,536.022,378.429,506.374,304.218,494.939,309.169,437.883,242.834,524.568,248.317,453.498,207.286,473.762,218.172,456.313,49.992,536.789,105.432,439.812,170.454,470.098,190.831,459.713
353.885,427.783,338.29,429.449,240.695,440.924,213.953,449.088,185.249,455.586,144.892,435.804,125.389,381.507,403.136,534.677,380.463,504.317,306.604,494.966,310.305,439.373,242.758,524.584,249.512,453.676,208.341,473.742,219.491,456.04,49.959,536.781,105.957,440.245,171.327,469.866,192.182,459.368
355.823,428.378,340.108,429.548,242.552,440.924,215.095,448.879,185.876,455.358,146.402,435.026,126.541,380.849,409.552,530.794,384.534,503.941,308.193,495.274,312.087,439.54,242.468,524.685,251.005,454.406,208.69,473.693,220.466,455.656,49.948,536.771,106.827,440.361,172.127,469.76,192.285,459.226
357.628,428.69,340.456,429.954,244.005,440.924,216.879,448.786,186.911,455.027,146.628,433.091,128.322,379.889,413.185,528.96,387.516,503.073,309.973,495.856,315.211,440.077,242.393,524.689,252.263,454.456,209.08,473.311,221.829,455.262,49.893,536.747,107.706,440.482,173.413,469.383,193.379,458.904
359.035,429.002,342.909,430.142,245.794,441.16,218.778,448.348,188.554,454.431,148.328,432.475,129.302,378.671,415.441,525.628,389.73,500.92,312.076,496.348,316.69,440.171,242.332,524.879,253.295,454.511,209.576,472.012,223.364,455.173,49.892,536.747,108.493,440.884,174.02,468.997,195.251,458.314
360.381,429.276,344.196,430.091,247.419,441.16,220.249,447.982,189.935,454.012,150.09,431.365,131.347,378.463,418.335,524.442,392.576,498.597,314.808,496.426,317.578,440.171,242.201,525.169,253.434,454.679,209.846,470.948,225.015,455.034,49.785,536.737,109.606,441.276,175.033,468.501,196.515,457.741
361.507,429.717,345.689,430.142,248.802,441.261,221.556,447.904,192.101,453.457,151.298,431.21,132.511,377.332,420.601,522.015,395.004,496.876,316.662,496.522,318.441,440.171,242.112,525.211,253.565,454.755,210.658,470.767,226.112,455.008,49.707,536.704,110.157,442.261,176.633,468.351,198.039,457.332
363.556,430.09,347.44,430.18,249.665,441.385,222.973,447.702,192.412,452.328,152.417,430.585,135.085,376.483,424.026,518.959,396.737,496.22,319.593,496.899,320.22,440.215,242.112,525.218,255.024,455.311,212.211,470.512,227.091,454.977,49.626,536.685,111.174,442.702,178.458,467.318,199.308,457.246
365.513,430.781,348.499,430.475,250.538,441.261,224.193,447.699,193.909,452.026,154.759,430.194,137.393,374.771,428.29,515.859,397.989,494.327,321.904,498.509,321.477,440.215,242.201,525.236,255.217,455.401,214.086,469.842,228.754,454.724,49.623,536.68,112.51,442.861,179.822,466.286,200.234,456.951
366.741,430.855,349.642,430.881,252.549,441.231,225.168,447.028,195.128,451.448,156.551,429.684,139.249,374.314,430.736,513.988,399.829,492.19,324.154,498.572,322.432,440.215,242.568,525.722,256.202,455.43,216.203,469.505,230.126,454.011,49.623,536.68,113.263,442.861,180.875,465.71,201.669,456.697
367.291,431.125,351.75,431.11,254.292,441.231,227.196,446.344,196.806,450.764,159.023,429.526,141.241,373.853,432.423,510.179,402.635,490.195,326.357,498.572,323.814,440.346,242.752,525.722,256.756,455.848,217.448,468.83,232.043,453.696,49.623,536.671,113.531,443.002,182.082,465.415,203.579,456.064
369.11,431.314,352.139,431.811,255.84,441.123,228.053,446.077,197.963,449.957,160.202,428.648,142.692,373.179,434.47,508.427,404.32,488.402,328.634,498.509,325.043,440.814,242.95,525.722,258.029,455.977,218.553,468.596,233.34,453.408,49.628,536.671,114.267,443.358,183.819,464.888,204.972,455.482
370.942,431.447,353.948,431.895,257.705,440.91,229.446,446.024,200.47,449.513,161.797,427.608,144.668,371.601,438.067,504.859,406.607,488.061,331.011,498.19,326.659,441.469,242.95,525.706,258.242,456.968,219.585,468.253,234.926,453.258,49.632,536.604,114.319,443.66,184.726,464.858,206.751,454.676
372.34,431.454,355.841,431.941,260.103,440.317,230.708,446.001,202.121,449.194,164.296,427.6,147.082,370.736,440.2,503.031,409.762,486.574,333.004,498.19,330.115,442.102,242.95,525.6,258.812,457.247,220.558,468.049,236.079,452.885,49.632,536.594,115.102,444.414,186.503,464.18,208.49,454.305
373.981,431.509,356.968,432.183,262.092,440.115,232.371,445.473,203.336,448.535,165.375,427.585,149.335,369.738,443.223,500.673,411.325,484.778,335.579,498.19,331.633,442.189,242.89,525.56,259.263,458.23,221.452,467.502,237.924,452.437,49.628,536.56,116.359,444.743,187.667,463.401,210.573,452.486
375.368,431.657,359.816,432.183,264.028,439.8,234.703,444.1,205.353,447.962,166.986,427.167,152.712,368.843,446.845,497.801,413.499,482.963,338.943,499.19,333.404,442.189,242.885,525.302,259.314,459.008,223.261,466.992,238.586,452.357,49.558,536.527,117.648,445.124,189.66,462.919,212.703,451.876
378.03,432.674,361.545,432.258,265.274,439.8,236.191,444.1,206.469,447.526,169.044,427.032,154.924,368.259,448.211,494.369,415.496,480.844,341.69,499.19,334.592,442.189,242.885,525.269,259.8,459.715,223.851,466.359,239.886,452.233,49.177,536.456,118.206,445.376,190.571,462.609,214.123,451.785
380.311,432.888,363.099,432.349,266.608,439.746,238.212,444.095,207.778,447.13,170.46,426.215,156.973,367.362,450.337,491.08,415.898,480.066,344.124,499.19,336.348,441.619,242.885,525.269,260.004,459.99,225.092,465.874,241.794,452.182,48.745,536.415,118.86,446.157,192.087,462.331,215.518,451.422
381.663,433.099,364.688,432.349,268.059,439.746,240.128,443.934,209.442,446.872,173.349,424.628,159.461,366.139,451.367,489.47,418.83,476.853,346.623,498.323,337.738,441.59,243.362,525.297,260.004,461.085,226.551,465.399,243.192,451.937,48.691,536.414,119.369,446.728,193.108,462.29,215.958,451.375
382.849,433.157,366.02,432.505,269.977,439.84,241.405,443.934,211.356,446.511,175.243,424.165,162.499,365.309,454.493,486.02,420.298,475.559,349.356,498.323,338.85,441.59,243.41,525.302,260.353,461.915,228.188,464.786,245.012,451.793,48.66,536.414,120.277,446.826,194.992,462.29,217.433,451.248
384.105,433.414,368.305,432.758,271.912,439.84,242.979,443.934,213.318,446.025,176.992,423.572,165.006,364.781,456.764,483.765,421.692,474.436,351.486,498.13,340.65,441.619,243.555,525.328,260.7,462.63,230.681,464.692,246.616,451.766,48.585,536.411,120.57,446.928,196.461,461.879,219.544,450.858
386.141,433.414,368.631,432.867,273.041,439.746,244.348,443.706,215.67,445.489,178.592,422.805,167.852,363.061,459.599,480.45,423.192,472.984,355.735,497.979,341.634,441.942,243.651,525.388,261.416,463.754,232.105,464.46,248.005,451.619,48.448,536.389,121.481,447.377,199.144,461.367,221.71,450.376
388.076,433.414,370.976,432.89,276.606,439.138,246.218,443.496,217.486,445.235,180.582,421.894,170.173,362.295,461.604,478.888,427.332,472.083,358.545,497.957,344.522,442.436,243.651,525.453,261.661,464.747,233.577,464.436,250.244,450.796,48.205,536.385,121.774,447.531,200.251,461.214,223.894,450.047
389.759,433.414,372.574,432.904,277.764,438.992,247.414,443.336,218.936,444.817,183.074,421.658,172.748,362.096,463.752,475.855,430.266,470.0,361.119,497.892,346.992,442.812,243.759,525.457,266.889,464.787,234.706,464.413,251.731,450.62,47.895,536.332,122.795,448.967,201.724,460.934,225.753,449.631
391.098,433.414,374.539,432.89,279.071,438.866,248.758,443.05,220.409,444.107,184.589,420.477,174.305,361.009,465.39,472.591,432.767,468.375,363.043,497.118,349.43,442.812,243.759,525.457,266.961,465.591,236.429,464.318,253.74,450.62,47.556,536.286,125.041,449.768,203.153,460.598,227.909,448.297
393.066,433.483,377.235,432.867,280.687,438.866,251.477,442.52,222.372,443.672,187.954,419.826,177.182,360.524,467.19,471.068,433.734,466.761,365.659,496.974,351.007,442.812,243.764,525.527,267.273,466.559,236.568,464.304,255.745,450.62,46.376,536.03,127.009,450.925,204.782,459.434,230.051,447.84
395.701,433.733,378.623,432.904,281.989,438.866,253.135,442.52,223.805,442.898,189.454,418.375,179.901,359.492,468.564,468.603,436.115,465.484,368.059,496.906,352.316,442.335,243.768,525.643,268.622,467.373,238.69,463.956,256.829,450.645,46.244,535.893,128.273,451.279,205.735,459.217,231.169,447.84
397.378,433.867,380.419,432.999,283.473,438.952,254.815,442.482,225.552,442.276,190.93,417.11,182.753,358.658,472.879,465.209,438.885,464.115,372.142,496.731,353.657,442.334,243.917,525.653,269.56,468.856,241.629,463.714,258.809,450.645,46.078,535.52,129.035,452.06,207.485,459.198,232.797,447.84
398.749,433.89,381.986,433.419,284.633,440.44,256.807,442.482,227.82,441.729,193.039,415.664,186.8,357.281,475.428,461.686,441.656,460.695,375.285,496.517,354.963,442.334,243.917,525.653,269.886,469.885,243.357,463.653,261.187,450.685,46.04,535.464,129.284,453.386,209.447,458.933,233.359,447.671
399.684,433.867,384.165,433.487,286.241,440.44,257.978,442.482,230.082,441.113,195.655,415.664,189.61,356.768,478.183,459.274,444.8,459.097,377.358,495.181,356.742,442.334,243.929,525.653,271.825,470.115,244.908,463.534,262.625,450.645,46.001,535.38,130.271,454.116,211.732,458.142,235.269,447.671
402.073,433.867,384.606,433.487,287.835,440.44,259.2,442.449,232.219,440.809,197.624,414.419,190.639,356.76,480.049,457.029,447.025,457.252,379.99,495.13,358.342,442.507,243.949,525.653,274.007,470.811,246.524,463.532,264.502,450.579,45.876,535.17,132.079,454.723,213.708,457.889,237.409,447.671
404.122,433.833,387.352,433.487,289.694,440.085,260.679,442.254,234.196,440.783,199.528,414.256,193.784,355.768,480.753,454.587,448.296,456.439,382.502,495.115,361.57,442.654,244.431,525.918,274.475,471.499,246.92,462.414,264.504,450.579,45.725,535.16,133.221,455.555,214.82,457.864,239.071,447.58
405.81,433.376,389.24,433.418,291.899,439.449,262.712,441.879,236.556,440.365,202.417,413.936,196.816,354.829,482.207,451.884,450.199,455.059,385.089,494.773,363.42,442.988,245.078,526.56,274.941,472.523,248.886,462.414,266.587,450.632,45.457,535.132,134.333,456.795,217.603,457.834,242.702,447.216
407.289,433.376,391.291,433.299,293.351,439.421,264.114,441.879,238.398,440.122,203.5,413.736,200.712,353.12,485.016,448.755,453.096,453.391,389.216,494.696,366.523,442.988,245.592,526.834,274.941,472.997,250.073,462.414,269.029,450.46,45.457,535.12,136.493,457.191,219.091,457.718,244.033,446.886
409.004,433.328,393.324,433.291,294.939,439.421,265.805,441.855,239.801,440.066,205.679,412.236,204.064,352.431,488.347,446.07,456.411,451.281,392.322,494.104,367.878,442.923,245.637,526.841,274.941,474.112,251.525,462.208,271.342,450.46,45.457,535.09,137.204,458.555,221.264,457.651,245.696,446.691
411.426,433.376,394.673,433.291,296.726,439.449,267.593,441.855,241.616,439.386,208.349,411.044,207.07,352.193,493.42,442.827,458.709,449.798,394.978,493.402,369.259,442.967,245.683,526.982,274.552,474.566,253.742,462.208,271.933,450.377,45.515,534.868,138.345,459.101,221.91,456.899,246.609,446.691
413.404,433.403,396.561,433.31,298.706,440.299,270.159,441.855,243.506,439.386,210.972,410.927,208.038,352.103,495.259,440.857,460.677,447.972,397.298,493.324,370.617,442.923,245.683,526.965,274.552,475.519,256.062,461.692,274.325,450.331,45.57,534.397,139.207,459.856,223.821,456.525,248.211,446.328
414.136,433.403,398.411,433.31,300.379,440.466,272.292,441.796,245.623,439.348,213.166,410.884,213.679,350.738,496.177,438.704,463.911,444.902,399.635,492.992,372.049,442.923,245.729,526.965,274.552,476.37,258.202,461.592,277.029,450.331,45.593,534.308,140.558,461.654,225.527,456.071,249.867,444.903
415.759,433.31,400.093,433.392,302.05,440.466,273.372,441.796,247.949,439.302,215.575,410.884,216.6,350.106,497.514,437.042,466.182,443.86,403.035,491.265,373.718,442.86,246.171,526.982,274.786,476.503,259.79,461.592,278.644,450.331,45.593,534.228,141.115,462.2,227.407,455.708,251.349,444.807
418.035,433.301,401.178,433.392,303.458,440.466,274.8,441.785,249.689,439.348,217.162,410.116,219.629,349.954,499.938,435.526,468.999,441.975,406.233,491.216,376.798,442.967,246.342,527.069,275.882,477.022,261.395,461.47,280.392,450.331,45.672,534.213,143.029,463.594,229.887,455.569,253.239,444.807
420.355,432.725,403.699,433.441,304.803,440.469,276.077,441.669,251.498,439.348,219.596,407.962,222.871,349.329,502.572,433.558,471.316,440.432,409.687,489.962,379.215,443.043,246.577,527.069,275.882,477.29,262.54,461.372,281.077,449.982,45.785,534.193,145.069,465.06,230.675,455.569,255.303,444.807
421.905,432.725,405.7,433.441,307.071,440.469,278.192,441.785,254.445,439.302,221.602,407.047,225.759,349.317,506.471,429.417,473.605,438.986,412.562,489.796,382.273,443.043,246.721,527.069,275.882,477.508,263.016,460.404,283.599,449.982,46.166,532.39,145.725,465.995,233.157,455.544,258.628,445.422
423.482,432.686,407.506,432.974,309.224,440.469,279.859,441.821,255.815,439.286,224.543,406.884,229.405,348.316,510.476,427.379,476.173,438.248,414.748,489.738,384.068,443.043,246.821,526.944,275.435,478.325,264.461,460.311,285.161,449.982,46.536,531.281,147.715,466.771,235.027,455.522,259.867,445.422
425.733,432.686,409.242,432.913,311.033,440.856,281.754,442.405,257.366,438.991,226.526,405.971,232.198,348.119,512.911,426.157,478.316,436.579,417.144,487.831,385.62,443.043,247.22,526.922,275.318,479.277,266.256,460.311,287.655,450.098,46.768,530.36,149.128,467.768,236.368,454.437,261.544,445.422
427.713,432.686,410.955,432.913,312.838,441.055,284.281,442.646,258.819,438.687,228.561,405.869,234.66,347.347,515.497,424.763,481.062,433.762,420.644,486.616,387.258,443.046,247.235,526.922,274.348,480.956,268.471,460.056,289.979,450.561,47.423,529.207,150.673,468.022,238.162,454.403,262.975,445.408
429.661,432.582,412.767,432.861,314.688,441.792,286.258,442.646,260.367,438.469,230.978,405.624,237.884,347.34,516.484,422.678,482.158,433.361,424.903,486.227,388.623,443.046,247.277,526.892,273.934,481.725,269.801,460.072,291.992,450.62,49.927,527.236,152.585,468.022,239.869,454.403,263.918,444.83
429.984,432.478,414.673,432.842,316.963,441.817,288.646,442.646,263.237,438.469,233.488,405.018,240.979,347.162,517.128,422.59,484.694,432.897,426.865,485.451,390.514,443.046,247.333,526.89,273.886,483.74,272.338,460.144,294.21,450.62,50.899,526.976,153.5,468.022,241.946,454.371,266.3,444.452
431.883,432.046,415.448,432.834,318.701,441.817,290.136,442.589,264.941,438.469,235.417,403.792,244.075,347.065,521.246,419.431,487.234,430.176,429.15,484.889,393.206,443.027,247.333,526.89,273.868,484.475,274.539,460.072,295.697,450.649,52.416,525.572,156.356,467.474,243.962,454.371,268.64,444.452
434.558,431.786,418.231,432.834,320.38,441.792,292.068,442.584,268.521,438.469,237.403,403.598,247.314,346.896,522.782,418.418,489.449,429.665,431.172,484.286,396.791,443.027,247.338,526.693,273.395,484.789,276.833,460.0,297.102,450.62,53.99,524.545,160.034,467.372,246.428,454.288,271.72,444.452
436.696,431.786,420.447,432.609,322.912,441.811,293.655,442.584,269.889,438.356,240.386,403.509,249.025,346.896,524.647,417.543,492.454,427.812,435.173,483.416,399.282,443.0,247.333,526.573,273.172,485.093,278.3,460.0,299.325,450.649,55.327,523.485,161.643,467.308,248.279,454.231,273.573,444.53
438.128,431.786,422.303,432.609,324.628,441.811,294.942,442.589,271.343,438.356,242.643,403.084,252.186,346.199,527.51,415.44,495.194,425.689,438.644,482.223,401.44,442.74,247.301,526.326,272.748,485.093,279.93,459.639,301.482,450.649,57.85,522.277,162.31,467.057,250.303,453.991,275.532,444.561
440.101,431.768,424.31,432.434,327.103,441.811,297.154,442.816,273.489,438.356,245.397,402.742,255.033,346.108,529.898,414.903,497.503,425.566,441.8,480.949,402.59,442.74,247.144,526.224,272.748,485.093,280.167,458.643,304.364,451.166,95.261,518.35,164.005,464.986,252.073,453.722,277.426,444.561
442.639,431.768,426.367,432.17,329.191,442.319,299.919,443.226,275.235,438.578,247.313,402.377,258.126,346.032,531.447,413.888,499.586,425.559,444.454,480.579,404.181,442.74,247.063,526.207,272.748,484.699,282.241,458.643,306.741,451.411,95.261,517.745,166.412,464.91,254.05,453.722,279.293,444.53
444.848,431.768,427.791,432.07,331.334,442.662,303.0,443.513,277.608,438.578,249.637,402.373,261.243,345.943,534.531,412.215,502.147,423.452,446.134,480.068,405.836,442.74,247.06,526.0,272.748,484.667,284.654,458.643,309.648,451.411,95.261,517.04,168.687,464.231,256.295,453.722,280.66,444.377
446.745,431.021,429.285,432.032,332.914,442.767,304.694,443.513,279.598,438.578,251.424,402.003,264.284,345.663,536.955,409.907,505.158,422.472,449.026,479.425,407.754,442.806,246.768,525.797,272.748,484.601,288.543,459.31,311.537,451.411,65.321,516.491,170.126,462.937,258.109,453.642,282.519,444.195
448.037,430.795,431.368,431.812,335.25,443.142,306.573,443.513,282.792,438.227,253.028,401.865,265.503,345.025,539.618,408.718,508.551,422.448,452.32,478.233,410.799,442.806,246.559,525.631,272.598,484.566,290.629,459.31,312.336,451.313,65.321,515.523,171.58,462.875,260.323,453.642,285.935,444.195
450.276,430.726,433.116,431.812,337.613,443.21,309.072,443.364,285.265,438.09,257.243,401.826,268.217,345.025,543.847,407.49,511.343,421.095,457.328,477.51,413.5,442.679,246.162,525.402,272.378,484.587,292.852,459.31,314.846,451.248,65.321,514.412,174.357,462.557,262.724,453.561,288.333,444.184
452.811,430.795,435.555,431.836,339.299,443.31,310.691,443.364,287.222,437.695,259.085,401.826,270.589,344.911,545.221,406.472,512.85,419.571,460.091,476.516,416.079,442.609,245.947,525.199,272.095,484.587,294.196,459.146,317.482,451.248,66.114,513.105,177.846,460.941,265.251,453.558,290.738,444.184
454.513,430.65,438.11,431.836,341.319,443.337,311.765,443.364,288.673,437.695,261.678,401.73,273.355,344.855,546.588,405.143,514.667,418.929,462.61,476.319,417.314,442.679,245.912,525.078,272.095,484.446,294.639,458.932,319.933,451.248,69.444,510.877,178.484,459.737,267.436,453.288,292.442,444.362
456.789,430.423,440.422,431.662,343.854,443.847,314.749,444.249,291.111,438.09,264.042,401.685,276.369,344.855,548.701,404.604,517.328,417.466,463.687,475.184,419.479,442.679,245.868,524.978,272.095,484.42,296.539,458.932,322.84,451.672,70.812,509.258,179.419,457.905,268.571,452.66,294.201,444.39
459.974,430.423,443.003,431.653,346.174,444.379,318.074,444.426,293.09,438.188,265.908,401.634,277.785,344.419,551.551,403.556,520.301,416.539,466.381,474.088,420.978,442.69,245.697,524.878,272.602,484.42,299.133,458.932,325.774,451.916,71.747,506.903,183.42,457.09,270.578,452.619,296.484,444.688
462.186,430.347,444.606,431.653,348.728,444.379,320.424,444.426,295.661,438.188,267.986,401.313,280.157,344.419,555.153,401.638,523.832,414.865,469.817,473.657,422.909,442.765,245.542,524.869,273.434,484.375,303.648,459.019,328.774,451.968,72.373,505.081,186.108,455.89,273.146,452.619,298.32,444.757
462.832,430.122,446.277,431.563,350.221,444.754,321.958,444.426,297.869,438.188,269.644,401.167,282.338,344.377,558.539,399.623,526.304,413.66,473.612,472.665,427.495,442.765,245.531,524.863,273.576,484.137,305.193,459.193,328.86,452.064,73.811,502.546,188.605,455.587,275.265,452.619,300.194,444.772
465.208,430.05,448.27,431.653,352.736,444.844,324.03,444.207,300.036,438.188,273.438,401.167,284.756,344.419,560.063,399.057,528.765,412.938,475.932,472.121,430.114,442.69,245.394,524.585,273.98,484.137,307.408,459.248,331.326,452.064,75.807,499.854,189.47,455.005,277.399,452.66,302.732,444.772
467.117,430.05,450.762,431.653,354.742,444.967,325.95,444.207,302.115,438.188,275.316,401.167,287.18,344.546,562.61,399.019,530.758,412.916,478.546,470.687,432.376,442.57,244.999,524.284,276.083,484.003,309.209,459.248,333.612,452.169,76.079,497.25,192.068,454.356,279.47,452.662,305.265,444.872
470.013,430.053,453.31,431.607,356.682,445.215,328.292,444.207,304.482,438.381,277.779,401.228,289.331,344.546,564.825,398.766,533.839,411.788,480.499,469.915,433.282,442.521,244.791,524.235,276.773,484.002,311.434,459.248,337.29,452.451,78.584,492.575,194.593,453.222,282.51,452.662,308.295,444.91
472.029,430.053,455.732,431.607,358.655,445.531,330.131,445.434,306.692,438.423,279.89,401.228,292.056,344.45,567.589,398.748,536.464,411.16,483.025,469.277,435.699,442.521,244.791,524.235,277.694,484.002,312.009,459.248,339.437,452.787,79.634,490.415,197.867,452.956,284.378,452.783,309.659,445.016
475.338,430.05,457.76,431.607,361.383,445.635,333.743,445.751,308.989,438.597,282.033,401.228,292.833,344.45,570.559,396.1,539.502,410.271,485.678,468.455,437.349,442.482,244.791,524.235,278.471,483.926,315.044,459.248,342.866,453.142,80.031,486.913,201.018,452.298,285.979,452.783,312.097,445.016
478.183,430.001,460.278,431.404,363.183,446.172,334.16,445.751,310.813,438.759,283.913,401.186,294.99,344.394,573.199,396.047,541.277,408.776,489.116,466.962,441.237,442.521,245.042,524.276,279.247,483.628,318.123,459.808,344.647,453.293,81.717,484.231,202.808,449.915,287.796,452.777,313.284,445.076
478.804,429.815,461.902,431.404,365.477,446.428,336.81,445.751,313.059,438.99,285.544,401.186,297.222,344.306,576.648,394.633,544.285,407.861,491.45,466.101,444.005,442.777,245.095,524.276,280.027,483.357,320.122,459.843,346.324,453.508,82.948,481.994,205.201,448.883,290.135,452.777,316.036,445.487
480.62,429.68,464.195,431.29,368.324,446.792,339.615,445.751,315.853,438.991,289.562,401.186,299.412,344.306,578.686,393.721,545.859,407.757,493.84,464.903,447.001,442.777,245.095,524.276,281.413,482.724,322.508,460.128,347.957,453.688,84.756,479.489,208.879,447.731,292.495,452.783,318.427,445.469
483.011,429.653,466.234,431.267,370.021,446.993,341.731,445.751,317.943,438.991,291.372,401.357,301.442,344.306,580.603,393.357,548.106,406.971,495.707,464.897,449.558,442.482,245.095,524.238,282.614,482.235,325.065,460.128,350.496,453.871,86.57,475.987,209.737,445.89,294.873,452.783,321.153,445.487
486.345,429.523,469.502,430.988,372.271,447.275,343.673,445.963,320.449,438.991,293.767,401.675,303.755,344.864,582.404,391.631,549.937,406.929,498.499,464.412,450.679,442.422,245.029,524.238,284.075,482.197,327.742,460.172,353.79,454.314,87.324,475.209,209.837,444.366,298.187,452.914,324.477,445.531
488.387,429.152,472.054,430.64,374.193,447.83,345.629,446.832,322.522,438.991,295.883,402.188,305.39,344.864,585.659,389.958,554.804,406.077,501.057,463.797,452.664,442.129,244.942,524.238,284.273,482.053,327.746,460.172,356.154,454.928,89.85,473.089,211.657,443.144,299.251,453.263,325.909,445.531
491.26,429.075,474.522,430.521,376.169,448.074,347.422,446.931,324.012,439.007,297.943,402.276,307.677,344.944,589.604,389.775,557.281,405.276,504.349,463.108,454.733,441.86,244.631,524.356,285.854,482.053,330.573,460.382,358.658,455.013,93.456,469.308,215.435,442.047,301.228,453.472,328.202,445.531
493.147,428.892,476.96,430.465,378.818,448.583,349.359,446.931,326.329,439.229,299.916,402.415,309.572,344.944,592.154,389.699,559.055,404.653,507.498,462.621,459.264,441.86,244.631,524.419,287.076,482.197,333.692,460.557,360.776,455.35,96.058,462.506,218.337,441.979,303.439,453.472,330.439,446.188
494.949,428.517,478.551,430.341,381.183,448.927,351.134,446.936,329.928,439.57,301.879,402.528,311.676,344.864,594.379,389.662,561.409,403.914,509.775,462.047,461.59,441.838,244.51,524.476,288.205,482.245,335.618,460.708,362.324,455.446,97.609,459.127,220.665,440.922,306.16,453.472,334.139,446.359
497.128,427.937,480.625,430.131,383.831,449.054,355.002,447.03,332.387,440.001,305.478,403.225,313.291,344.832,595.752,387.922,563.132,403.858,512.26,461.819,463.956,441.786,244.51,524.546,290.565,482.402,338.671,461.109,364.322,455.757,97.609,455.937,224.51,440.525,308.636,453.502,336.769,446.361
499.544,427.822,482.801,430.131,385.957,449.076,357.72,447.03,334.864,440.001,307.49,403.264,313.957,344.92,597.529,387.263,565.793,403.433,514.719,461.523,464.939,441.552,244.631,524.546,291.509,482.899,341.516,461.183,366.656,455.857,99.267,455.937,229.404,440.336,311.419,453.723,337.994,446.539
502.583,427.778,485.745,430.131,388.177,449.25,359.347,447.807,337.027,440.091,309.33,403.875,316.037,344.92,599.489,386.49,567.956,403.051,517.01,460.865,467.103,441.445,244.863,524.476,293.093,482.953,341.751,461.233,369.791,456.354,100.799,455.937,229.853,439.802,313.759,454.701,340.567,446.834
505.319,427.495,487.709,430.109,390.343,449.498,361.135,448.033,338.661,440.139,311.786,404.952,317.712,344.92,604.319,385.738,571.224,401.532,519.951,460.683,469.378,441.14,244.914,524.282,295.06,482.953,343.981,461.435,372.612,456.554,148.425,453.952,236.934,439.802,315.372,454.774,343.175,446.947
507.63,427.372,490.629,430.066,393.203,450.127,363.727,448.334,341.506,440.39,314.102,404.952,319.323,345.829,606.197,384.497,573.322,401.141,523.281,460.575,471.415,441.14,245.438,523.983,295.769,482.953,347.744,461.788,375.494,456.558,148.425,453.477,241.077,438.379,318.347,454.821,346.743,447.053
509.65,427.324,492.602,429.687,395.926,450.291,365.795,448.368,343.917,440.39,315.777,405.074,321.229,345.879,608.697,383.23,575.957,400.909,525.631,460.171,475.476,441.14,245.805,523.956,297.655,481.652,350.378,461.903,377.449,456.849,151.494,453.477,244.004,436.536,320.907,454.821,349.227,447.63
511.536,427.015,494.523,429.625,398.671,450.353,368.229,448.415,346.655,441.115,317.843,405.302,323.239,345.917,610.477,383.002,579.311,400.089,527.471,459.014,478.344,441.095,245.886,523.806,298.574,481.652,352.895,461.938,379.948,457.108,155.652,447.036,245.162,436.307,323.184,454.701,351.845,447.63
513.811,426.567,496.994,429.424,400.624,450.421,371.629,448.466,349.517,441.115,321.057,405.302,325.613,345.917,612.418,382.544,581.172,399.638,530.292,457.986,481.09,441.095,246.145,523.806,299.078,481.652,355.853,462.252,381.484,457.108,155.652,445.183,246.898,435.251,325.619,454.929,354.018,447.63
516.348,426.19,499.611,429.424,403.333,450.527,374.173,448.466,352.097,441.115,323.01,405.637,327.346,346.464,615.337,381.222,582.261,399.373,532.952,457.547,482.125,440.919,246.261,523.956,300.444,481.868,358.658,462.34,383.811,456.746,162.031,440.847,246.898,435.251,327.621,454.929,357.147,447.885
518.701,426.108,502.551,429.271,406.444,450.527,376.521,449.065,353.557,441.737,325.071,406.618,328.815,346.595,618.071,380.645,585.269,399.373,536.194,457.51,484.489,440.831,247.054,523.956,301.5,481.946,359.625,462.664,386.77,457.108,166.187,440.847,251.753,434.895,329.848,455.777,359.308,447.885
521.429,425.65,504.288,429.15,407.977,451.46,378.433,449.487,356.079,442.029,327.103,407.813,329.942,346.9,620.39,380.624,587.946,398.402,538.458,457.233,486.033,440.756,247.343,523.756,302.816,482.187,362.009,462.667,389.071,457.266,175.095,439.978,257.812,434.43,331.964,455.789,360.446,447.885
523.879,425.384,506.802,429.15,411.031,451.781,381.184,449.764,359.202,442.029,329.277,408.334,331.532,346.999,622.539,380.146,590.632,397.891,540.349,457.093,489.608,440.756,248.035,523.218,304.546,483.554,365.151,462.786,392.226,456.975,175.095,438.529,258.566,433.574,335.544,456.032,363.986,448.936
525.588,425.384,508.687,428.973,414.339,451.792,383.341,449.797,361.55,442.278,331.255,408.843,333.448,347.054,625.274,380.146,593.002,397.891,542.865,456.693,492.17,440.831,248.516,522.63,305.303,484.372,367.464,462.855,394.36,457.187,179.79,438.529,259.992,432.636,337.889,456.171,366.261,448.936
527.825,425.384,511.069,428.926,415.792,451.792,386.576,449.944,364.075,442.577,333.842,409.281,334.834,348.599,627.41,379.655,595.287,397.706,545.072,456.33,495.236,440.831,249.502,522.493,307.281,484.863,370.274,463.399,396.905,458.0,183.121,435.481,265.925,432.095,340.446,456.171,368.628,448.936
530.148,425.384,513.752,428.784,418.121,451.817,389.239,450.044,365.9,442.577,336.119,409.54,336.171,349.216,629.528,379.278,597.26,397.476,547.514,456.045,496.946,440.756,250.925,522.02,308.52,484.863,373.464,463.654,398.892,458.0,193.284,433.523,268.21,432.095,342.56,456.238,371.148,448.455
533.157,425.332,516.455,428.926,421.244,451.817,391.453,450.456,367.873,443.078,338.458,409.706,337.553,349.643,632.671,378.402,599.508,397.427,550.512,455.987,499.193,440.677,252.441,521.546,311.409,484.863,374.644,463.686,401.274,458.0,196.452,431.203,269.331,432.095,344.588,456.553,373.235,448.455
535.673,425.196,519.41,428.852,423.053,451.889,393.54,450.602,370.779,443.222,340.77,411.454,339.779,349.806,634.749,378.318,601.583,397.427,553.681,455.774,501.393,440.658,255.009,521.24,314.737,484.218,376.748,463.79,403.353,458.171,201.336,431.203,272.827,431.254,346.34,456.931,375.867,448.455
538.356,425.151,521.311,428.581,424.959,452.674,395.765,450.646,373.28,443.291,342.817,412.09,341.351,350.269,637.051,378.305,603.583,397.374,555.737,455.77,503.009,440.658,256.241,520.647,317.602,484.218,379.43,464.079,405.59,458.232,207.73,429.706,273.498,430.976,350.186,457.093,377.362,450.091
540.882,425.151,523.33,428.852,428.029,452.786,398.011,450.932,376.118,443.836,345.475,412.119,342.225,350.401,638.89,378.111,606.324,396.052,558.072,455.77,506.998,440.658,257.477,520.126,318.645,484.218,381.487,464.329,408.201,458.323,207.73,428.076,277.49,430.976,353.206,457.278,380.38,450.697
542.473,425.113,525.513,428.852,430.027,452.995,399.953,451.329,379.09,444.191,347.356,413.061,342.544,351.483,642.013,378.104,609.664,395.55,559.812,455.765,509.528,440.923,258.241,519.943,320.432,485.09,384.224,464.674,410.958,458.462,207.73,427.546,279.956,430.88,356.22,457.278,383.291,450.697
544.711,425.151,527.348,428.475,432.08,452.995,403.126,451.375,380.56,444.74,349.245,413.245,344.154,351.801,644.077,377.902,611.265,395.442,562.045,455.624,512.467,440.923,259.615,519.642,323.126,485.09,387.192,464.697,413.167,458.558,162.361,407.429,285.828,430.376,358.324,457.372,385.382,450.697
547.555,425.151,530.593,428.475,434.738,452.995,405.836,451.468,383.104,444.741,351.529,413.299,345.789,351.823,645.461,377.727,612.76,395.442,564.533,455.394,514.058,440.923,260.799,518.669,325.025,485.09,390.241,465.103,414.833,458.786,162.361,406.612,287.19,430.281,360.197,457.956,388.665,451.206
549.716,425.113,533.061,428.824,437.35,452.995,408.366,451.468,385.432,444.741,353.96,413.442,347.503,352.674,645.811,377.55,614.284,395.55,567.323,455.394,516.145,440.923,261.567,518.669,331.21,482.948,391.545,465.103,417.478,459.154,162.361,406.163,289.34,430.281,362.404,457.997,391.305,451.305
552.342,425.113,535.278,428.824,439.539,453.682,411.307,451.525,387.88,445.318,355.942,413.934,348.934,352.722,646.099,376.107,615.744,395.442,570.108,455.394,518.143,440.923,262.203,518.669,332.822,482.948,394.867,465.103,420.355,459.547,165.679,405.716,291.147,430.167,367.685,457.997,392.549,452.037
555.08,425.165,538.197,428.897,441.799,454.404,413.279,451.901,390.725,445.995,358.601,415.36,350.033,353.844,649.58,373.632,617.63,395.14,572.724,455.501,521.617,441.045,263.118,518.669,335.026,482.948,395.573,465.103,422.798,459.908,170.505,403.372,294.813,429.77,369.554,458.034,394.981,452.298
557.236,425.165,539.809,428.979,444.199,454.404,414.939,452.221,392.908,446.043,360.497,415.386,350.383,355.077,651.019,373.544,619.542,395.14,574.932,455.513,524.259,441.259,263.2,518.235,337.2,483.367,397.501,465.103,425.279,459.908,174.63,402.795,299.44,429.156,371.391,458.034,397.745,452.298
559.122,425.255,542.152,428.979,446.446,454.404,417.22,452.364,395.207,446.467,362.408,416.38,351.683,355.629,652.409,372.982,621.847,394.821,576.518,455.513,527.101,441.321,266.949,517.898,339.809,483.367,400.157,465.218,427.686,460.01,176.45,402.753,300.689,428.82,373.842,458.034,400.661,452.417
561.861,425.516,545.191,428.979,449.659,454.549,420.707,452.861,398.001,446.688,365.324,417.412,353.003,356.533,654.454,372.974,624.206,393.321,578.758,455.513,529.184,441.259,268.974,516.339,342.68,483.367,403.404,465.455,430.47,460.12,180.561,402.143,302.313,428.166,376.491,458.366,404.27,452.445
564.395,425.516,547.864,429.039,452.883,454.549,424.023,453.176,400.766,446.992,366.143,418.46,354.7,357.255,657.24,372.442,626.206,393.236,581.533,455.657,531.1,441.259,273.014,513.376,347.041,482.617,406.608,465.83,433.145,460.639,185.931,401.427,303.013,427.421,379.196,459.578,406.894,452.779
566.51,425.516,550.175,429.039,454.749,454.549,426.192,453.311,402.282,447.58,368.21,418.965,356.263,357.657,659.341,372.207,628.028,392.902,583.916,455.73,533.162,441.259,274.47,513.155,350.447,482.617,409.246,466.077,435.562,460.917,190.078,400.568,303.224,427.012,382.384,459.578,407.629,454.121
569.317,425.348,552.543,429.303,458.027,455.309,428.73,453.327,405.018,447.617,369.999,419.024,357.698,358.437,660.665,372.099,629.636,392.902,587.227,455.73,534.989,441.321,276.056,513.155,351.582,482.617,411.642,466.373,438.319,461.275,193.104,399.671,304.493,426.104,384.675,459.672,409.808,454.539
571.828,425.348,555.157,429.31,459.554,455.309,430.821,453.832,407.524,447.643,372.648,419.132,359.129,359.491,663.053,371.978,633.387,392.902,589.289,455.853,539.14,441.803,277.876,513.155,353.894,482.664,413.801,466.589,440.848,461.627,197.272,399.226,311.826,426.075,387.171,459.672,412.926,454.715
573.601,425.348,556.817,429.37,461.75,455.604,432.428,454.252,409.218,448.049,374.424,419.217,361.309,360.216,665.701,371.491,635.128,393.033,590.904,455.854,541.231,441.829,278.2,513.742,357.16,482.855,415.104,467.11,442.798,461.762,201.701,398.906,312.505,425.978,388.738,459.767,414.732,454.715
575.952,425.697,559.176,429.37,464.918,455.64,434.01,454.703,411.532,448.107,377.197,419.35,362.574,360.254,667.646,371.476,637.471,393.178,593.237,455.853,544.287,441.883,280.938,514.35,359.875,482.855,417.951,467.152,445.573,461.803,206.248,397.892,315.547,425.83,391.316,460.112,417.744,455.047
578.686,425.697,562.442,429.398,466.867,455.64,437.274,454.869,414.304,448.571,380.3,420.477,363.842,361.03,668.501,371.217,639.509,393.183,595.358,455.938,546.216,441.936,283.826,514.35,363.937,483.641,420.678,467.403,447.284,462.022,209.491,397.596,319.259,425.648,394.304,461.587,420.754,455.178
581.177,425.697,564.428,429.471,469.697,455.64,441.03,455.199,416.927,449.308,382.407,420.637,365.767,361.991,670.021,371.107,641.18,393.178,597.925,456.146,547.956,442.001,286.588,514.35,365.814,483.69,424.225,467.695,450.773,463.046,213.42,396.915,323.313,425.648,397.441,461.857,423.2,455.213
583.234,425.692,567.374,429.471,472.842,456.567,444.017,455.489,419.375,450.15,384.192,420.806,367.312,362.457,671.612,370.917,642.944,393.033,601.147,456.263,550.262,442.133,289.08,514.595,368.91,483.69,427.232,467.765,453.618,463.137,216.677,396.388,327.688,425.748,399.605,461.982,425.19,455.899
585.912,425.692,569.889,429.777,474.746,456.567,446.88,455.777,422.07,450.15,385.729,422.858,368.294,364.226,673.851,370.917,643.75,393.178,603.142,456.935,552.926,442.252,291.824,514.595,372.176,483.69,429.444,468.175,455.915,463.293,221.938,395.421,333.949,425.648,402.819,461.857,427.173,456.044
588.628,425.692,571.879,429.908,477.478,456.742,448.864,455.979,424.659,450.331,387.617,423.085,369.961,364.286,675.998,370.707,646.763,393.335,604.988,457.284,556.407,442.392,294.659,514.595,374.855,483.69,432.04,468.366,459.22,463.397,225.412,394.597,336.104,425.457,405.537,461.982,430.285,456.223
590.272,426.033,574.008,429.927,479.992,456.974,450.017,456.014,426.15,450.548,389.542,423.422,370.997,365.916,678.01,370.707,649.455,392.765,607.866,457.284,558.492,442.645,296.573,515.508,379.998,484.014,433.948,468.678,460.42,463.415,229.082,394.53,338.759,425.485,406.265,462.06,432.568,456.223
592.946,426.037,576.654,429.935,481.851,457.045,452.002,456.103,429.107,450.548,391.898,423.584,372.894,366.975,680.197,370.869,651.332,392.765,609.752,457.284,560.694,442.645,299.358,516.358,383.139,484.014,436.159,469.382,464.313,463.415,233.466,394.187,342.813,425.259,408.989,462.13,435.63,457.0
595.71,426.058,579.375,430.128,484.266,457.045,456.591,456.736,432.32,451.639,394.026,424.047,373.1,368.041,682.371,370.869,652.56,392.677,612.161,457.284,563.075,442.787,302.632,516.358,385.958,484.014,440.201,469.491,466.849,464.033,237.834,392.695,346.149,424.991,411.789,463.218,438.431,457.221
597.613,426.037,581.523,430.14,485.907,457.287,458.066,457.301,433.603,452.257,396.519,424.649,375.121,368.472,683.556,370.707,654.459,392.677,614.607,457.356,564.81,442.999,305.433,516.358,386.863,486.359,441.633,470.234,468.497,464.683,241.044,392.261,347.468,424.856,412.942,463.368,439.758,457.626
600.326,426.186,583.929,430.14,488.209,457.445,460.861,457.815,435.934,453.114,398.998,424.808,376.924,369.243,685.105,370.869,656.664,392.677,616.983,458.372,566.708,443.025,309.2,516.358,389.025,486.676,444.149,470.725,471.395,465.017,242.517,392.098,348.445,424.404,415.762,463.735,441.945,457.709
602.937,426.395,586.557,430.312,491.638,457.941,463.092,457.815,438.182,453.15,401.032,426.204,377.996,370.212,687.051,371.006,658.321,393.477,619.279,459.109,569.431,443.204,312.021,516.358,392.403,486.899,445.839,471.541,474.04,465.017,248.029,390.549,350.139,424.062,418.562,463.989,444.044,457.944
605.105,426.495,588.599,430.365,494.413,458.054,465.272,457.944,440.906,453.764,403.024,426.652,379.817,371.716,689.389,371.043,660.98,394.226,621.485,459.232,572.516,443.262,314.455,517.459,396.54,486.917,447.89,472.068,476.151,465.306,252.063,390.427,354.549,423.237,421.203,464.309,446.181,458.411
606.642,426.515,590.916,430.673,496.802,458.36,467.595,457.944,443.73,453.984,404.502,426.993,381.475,372.289,691.919,371.652,663.359,394.73,623.535,459.635,575.202,443.557,317.056,518.326,399.299,487.141,450.855,472.859,479.02,465.761,255.124,390.044,358.669,423.237,423.61,464.773,450.486,459.696
609.403,426.548,593.126,430.865,498.943,458.719,471.515,458.289,446.057,454.668,406.056,427.064,381.97,373.892,694.322,372.016,665.453,394.889,625.823,459.861,576.964,443.658,320.406,519.439,401.626,487.844,454.894,473.016,481.61,466.295,256.824,389.506,362.376,423.237,425.98,465.144,452.939,459.952
612.026,426.749,595.568,430.865,501.299,459.033,474.742,458.772,447.985,454.975,407.897,428.683,383.617,374.988,696.523,372.062,667.629,395.061,628.183,459.861,579.113,443.796,323.59,519.439,404.666,487.882,457.426,473.364,483.703,467.353,259.813,388.822,362.581,423.34,428.255,465.428,454.833,460.097
614.002,426.548,598.082,430.97,503.378,459.535,477.098,459.766,451.146,455.892,411.191,430.694,385.491,376.407,698.439,372.396,669.833,395.111,630.763,460.518,581.175,444.001,326.467,520.644,410.304,487.882,459.654,473.578,486.229,467.907,265.33,387.326,364.917,423.34,431.905,465.905,457.987,460.171
617.01,426.749,600.827,430.97,506.064,459.78,478.62,460.755,452.776,456.153,413.098,431.18,387.722,377.34,700.463,373.105,671.961,395.111,633.145,461.68,583.303,444.261,329.098,521.121,412.042,487.882,461.162,474.186,488.622,467.925,268.919,387.03,369.126,423.572,433.709,466.644,459.686,460.264
619.223,426.871,602.67,430.976,508.423,459.935,481.324,460.928,456.416,456.164,414.793,432.033,389.203,377.862,702.588,373.537,674.364,395.183,635.293,461.68,585.657,444.286,333.158,521.262,417.985,487.882,463.866,475.013,490.777,468.231,270.163,386.128,370.213,423.698,437.074,467.767,461.862,460.744
620.869,427.173,605.123,430.976,509.977,460.963,482.287,461.052,457.119,456.938,416.265,432.82,392.083,379.64,705.358,373.877,676.744,395.999,637.22,462.047,588.531,444.303,336.408,521.429,421.325,487.882,465.933,475.781,493.124,468.67,272.572,385.662,373.799,423.698,437.634,468.461,463.014,461.497
622.689,427.173,607.092,431.384,513.594,461.079,484.791,461.249,459.203,457.007,417.91,433.14,393.702,380.744,707.87,374.274,678.651,396.828,639.355,462.458,590.714,444.707,340.501,521.888,424.516,487.599,468.435,476.586,496.366,468.978,275.96,385.366,377.824,423.698,441.084,468.646,468.55,463.001
625.638,427.516,609.321,431.384,516.105,461.671,487.601,463.004,461.401,457.939,420.071,433.489,394.596,381.176,709.643,375.169,680.879,397.098,640.939,462.458,593.682,445.134,345.039,521.888,427.912,487.844,470.853,477.562,498.86,469.632,280.842,384.678,379.289,423.698,443.214,469.214,470.802,463.62
627.98,427.583,611.955,431.465,518.147,461.99,489.029,463.346,464.793,458.714,422.197,433.824,396.245,381.659,711.862,375.742,683.397,398.006,643.292,462.712,595.209,445.236,349.109,522.14,430.695,487.844,472.504,477.997,501.038,470.293,284.484,384.614,381.316,423.691,445.222,469.772,472.434,464.241
630.352,427.516,614.552,431.911,521.686,462.371,491.647,463.955,468.222,459.523,426.898,436.117,397.655,383.339,714.581,376.303,686.594,398.19,645.552,463.516,597.467,445.319,352.687,522.14,436.269,487.844,475.365,478.541,504.535,470.825,287.533,383.908,383.289,423.691,450.489,471.131,474.623,465.375
632.173,427.583,617.451,431.786,522.733,462.883,493.007,464.468,469.904,459.804,428.725,436.373,398.595,384.65,716.269,377.077,688.047,398.355,648.701,463.885,599.843,445.391,358.05,522.229,439.348,488.619,476.53,479.227,505.246,471.641,290.179,383.37,385.49,423.691,451.41,471.413,475.043,466.493
635.014,427.832,619.262,431.919,525.419,463.451,495.662,465.102,472.114,460.46,430.454,438.658,400.092,385.411,717.988,377.595,689.981,398.355,651.231,464.12,601.005,445.487,362.299,522.574,444.551,488.976,479.787,479.252,507.25,471.928,292.891,383.37,388.959,424.594,453.49,471.962,477.298,466.993
637.296,428.067,621.237,431.942,528.037,463.804,498.522,465.84,474.909,461.0,433.492,440.054,402.471,386.524,719.59,378.188,692.323,399.087,652.819,464.395,603.86,445.737,366.745,522.574,446.677,489.881,483.081,480.034,509.76,471.929,294.872,382.612,392.334,425.787,457.925,472.798,481.877,467.195
639.404,428.749,623.152,432.105,529.951,464.339,500.347,466.55,477.288,462.413,435.579,440.876,404.477,386.978,723.117,378.602,694.71,399.191,654.425,464.395,606.308,445.921,371.499,522.574,451.26,490.002,485.651,481.114,511.529,472.193,302.278,382.612,395.309,425.787,459.323,473.675,484.306,468.09
641.304,428.789,625.13,432.856,532.017,465.018,502.968,466.91,479.616,463.285,438.355,441.729,406.778,388.246,725.765,378.614,696.968,400.236,656.8,464.512,609.162,446.767,377.276,522.574,454.698,490.095,486.517,482.477,513.502,472.717,304.313,382.612,397.505,425.89,462.508,474.931,486.618,468.77
643.75,428.877,627.74,432.875,534.895,465.375,505.905,467.466,482.009,464.175,440.62,442.567,408.238,389.577,727.793,379.082,699.008,400.402,659.065,465.066,611.191,447.078,382.308,522.502,458.231,490.452,489.119,482.477,515.955,473.26,306.484,382.694,402.575,426.334,463.863,475.953,488.492,469.702
645.989,428.882,630.362,433.212,536.569,466.06,508.525,468.274,483.047,464.617,442.964,443.044,409.797,390.426,730.907,380.05,701.888,401.065,661.746,465.534,613.629,447.355,386.768,522.16,461.715,491.341,492.086,482.601,518.633,473.88,306.484,382.612,404.758,426.78,465.96,476.471,489.781,471.488
647.63,428.975,633.05,433.866,538.942,466.575,511.023,468.809,485.168,465.919,443.566,443.105,411.776,391.587,731.827,381.386,703.656,401.616,664.695,466.074,614.818,447.39,391.963,522.502,464.248,491.341,495.299,483.033,521.181,474.672,309.331,382.694,408.012,427.507,468.556,476.69,491.681,471.503
650.252,429.306,634.924,433.933,541.297,467.124,513.907,469.202,488.914,466.46,447.268,445.019,413.805,392.108,733.169,382.125,706.273,402.494,666.733,466.419,617.395,447.485,398.434,522.16,468.753,491.341,498.513,483.337,523.98,474.863,311.209,382.694,410.144,428.104,472.436,477.993,496.495,472.084
653.045,429.537,637.014,433.969,544.426,467.667,515.816,469.728,491.082,466.857,450.062,446.292,416.104,394.22,735.232,382.668,707.936,402.973,668.472,467.433,620.483,448.101,404.324,522.16,472.758,489.292,501.373,484.477,526.336,474.988,315.217,383.036,414.194,429.035,474.811,478.499,498.04,472.995
654.903,430.018,639.119,434.049,545.773,467.711,517.33,470.171,492.96,467.331,451.913,446.477,417.976,395.499,737.51,383.401,709.7,403.096,670.693,467.84,623.318,448.806,408.919,522.16,475.726,489.292,503.249,484.755,528.183,475.988,318.446,383.763,414.509,430.469,475.968,478.507,499.953,473.416
657.196,430.346,641.139,434.56,549.211,468.227,520.827,471.828,496.049,467.72,452.584,447.081,420.216,396.574,739.577,383.467,711.878,403.428,672.304,468.12,625.905,448.957,414.228,522.038,482.31,489.292,505.27,485.036,530.712,476.909,320.404,384.301,415.812,430.748,477.223,478.676,502.904,473.9
659.299,430.459,642.895,434.814,551.246,469.393,523.714,472.69,498.419,468.851,453.423,448.337,422.353,398.592,742.043,384.037,714.305,404.041,675.164,468.468,626.078,449.42,419.146,521.819,485.413,489.302,507.147,486.011,533.69,477.652,321.912,384.634,421.037,431.146,480.793,479.189,504.332,474.433
661.182,430.588,645.645,435.324,554.43,470.214,526.293,472.974,501.073,469.66,456.251,449.399,424.021,400.286,743.82,384.446,717.648,404.211,677.553,468.79,627.924,449.426,424.693,521.348,487.472,489.302,508.965,486.423,536.593,477.98,323.196,385.205,423.569,431.253,482.842,480.236,506.593,474.788
663.411,430.767,648.222,435.705,556.531,470.641,528.521,473.299,504.013,470.543,458.109,450.865,424.374,400.347,747.042,384.484,719.629,405.419,679.781,468.969,630.581,449.426,425.233,520.445,491.258,489.645,511.881,487.68,539.279,478.573,326.132,385.868,428.804,432.329,485.041,480.875,509.442,475.29
666.252,430.867,649.843,436.856,558.558,470.654,530.272,473.596,506.001,471.086,460.4,451.75,425.829,401.032,748.653,385.295,721.045,406.997,682.216,470.105,634.318,450.828,427.851,499.072,494.747,489.773,513.875,488.538,540.719,478.632,331.012,385.883,430.295,432.378,486.561,481.181,511.293,475.606
668.667,430.883,652.102,436.856,561.576,470.975,533.258,473.619,508.328,471.502,462.656,452.385,427.719,401.688,749.943,386.036,722.816,406.997,684.442,471.589,636.976,451.03,437.047,499.072,496.982,489.617,517.366,489.647,543.495,479.537,332.351,386.238,432.414,432.602,489.865,481.613,515.717,477.269
670.364,431.045,654.351,437.013,563.95,472.063,537.13,473.861,511.227,472.479,465.88,453.756,429.215,403.233,752.604,386.085,725.66,407.249,685.771,472.313,638.994,451.509,441.488,499.072,500.751,489.617,521.385,489.839,546.127,481.148,334.473,386.705,434.176,433.1,493.273,482.537,518.884,478.17
672.448,432.087,656.201,437.193,566.715,472.693,540.133,474.959,514.357,473.7,468.855,455.079,432.048,403.828,754.708,386.574,727.895,407.848,687.039,472.45,641.087,452.013,441.81,499.072,504.65,489.773,522.719,490.674,548.229,482.488,336.726,387.783,442.313,434.574,496.226,483.351,520.344,478.561
674.705,432.476,658.325,437.576,569.2,473.904,543.132,475.89,517.053,474.047,470.735,455.873,434.805,404.188,756.422,387.802,729.848,407.876,689.414,472.691,641.886,452.456,447.524,498.817,506.446,489.773,525.242,491.306,551.307,483.205,338.318,388.309,443.306,434.724,498.302,484.639,522.994,478.939
676.251,432.623,661.079,438.115,571.72,474.738,546.101,476.994,519.961,475.388,474.118,458.081,437.429,405.444,758.941,388.074,732.216,408.762,691.556,473.155,643.639,452.604,452.575,498.773,513.417,491.463,528.934,492.242,553.124,483.439,340.32,388.688,444.544,434.988,501.014,486.064,525.365,481.24
678.992,433.468,663.274,438.964,573.199,475.355,547.268,477.794,520.951,475.781,476.325,459.362,439.426,406.101,761.205,388.917,733.705,408.779,694.693,474.144,645.899,452.972,454.599,498.773,516.202,492.19,530.727,493.244,554.525,484.503,345.157,388.812,446.119,435.054,503.643,486.816,526.976,481.851
681.988,433.789,665.992,440.19,575.141,475.577,549.369,478.374,522.72,476.972,478.072,459.607,440.032,408.752,763.134,389.875,735.42,409.06,697.113,474.79,649.156,454.031,460.949,498.817,519.512,492.284,533.078,493.959,556.549,485.269,348.486,389.104,448.675,435.294,505.912,487.356,529.796,481.887
684.044,433.833,667.884,440.691,577.962,475.89,549.426,480.007,524.507,478.526,479.507,459.997,442.118,409.49,764.696,390.942,737.509,409.668,699.186,475.625,651.714,454.764,467.797,499.231,521.169,494.895,533.571,494.764,558.311,486.711,349.347,389.916,452.5,436.84,506.3,489.101,531.261,483.356
685.669,434.253,669.686,441.104,580.601,476.684,553.196,480.747,528.422,479.373,483.383,461.933,444.745,409.798,766.558,391.594,739.545,411.102,700.718,475.65,653.333,455.08,488.959,513.152,533.286,495.452,537.002,495.428,560.037,486.848,351.665,391.201,454.224,438.142,508.566,490.282,534.576,484.87
687.548,435.444,671.909,441.138,582.666,477.377,555.541,481.639,531.219,480.54,485.109,462.927,447.188,410.414,769.186,391.987,741.838,411.619,702.793,476.506,655.701,455.178,495.249,513.152,535.033,495.581,539.996,496.123,563.012,487.39,354.54,391.49,457.399,439.91,511.515,491.169,537.733,485.742
689.937,436.07,674.497,441.684,585.504,477.625,558.638,482.356,533.332,482.102,487.425,463.108,449.312,413.09,770.723,392.418,743.609,412.867,704.784,477.044,658.359,455.908,502.558,513.152,537.683,496.086,543.446,496.262,566.049,488.534,356.76,391.504,460.379,440.72,514.542,492.214,539.23,488.122
691.86,436.222,676.87,442.46,587.424,479.088,560.637,483.493,536.094,483.414,490.005,464.175,451.329,415.266,773.387,393.046,745.831,412.98,706.949,477.432,660.809,456.699,502.558,512.126,541.632,496.117,544.313,497.767,568.379,489.424,361.948,394.351,461.777,440.978,517.537,493.44,541.609,488.133
693.956,436.981,679.361,442.908,590.308,479.835,562.784,484.172,537.771,483.766,490.655,464.315,452.682,416.472,775.654,393.627,748.855,413.338,709.899,478.68,662.608,457.165,507.618,511.063,545.077,496.117,545.872,498.55,570.868,489.778,481.915,497.515,464.349,441.03,521.425,495.096,543.54,488.248
696.302,437.884,681.399,443.559,591.768,480.893,564.42,485.029,538.918,484.336,492.193,464.371,452.932,416.521,778.74,394.622,751.351,414.44,710.748,480.27,664.327,458.107,511.69,510.864,549.35,497.212,547.718,499.537,573.13,490.085,494.225,497.515,466.905,441.064,522.76,495.703,545.464,488.502
698.403,437.896,682.743,443.942,593.754,482.028,566.819,486.427,540.772,485.081,495.126,465.296,455.425,417.801,779.926,395.673,752.75,415.05,713.783,480.27,666.807,458.88,511.69,510.797,554.396,497.212,549.489,500.591,574.021,491.438,494.225,496.489,470.847,441.493,522.828,496.136,546.903,489.177
700.056,438.001,684.758,444.368,595.197,482.784,568.197,487.167,542.388,485.865,496.847,467.443,457.285,418.589,781.242,396.715,755.572,416.263,715.535,480.285,669.388,458.927,510.808,501.852,555.84,497.212,550.572,501.279,574.735,492.784,494.225,496.489,472.183,442.027,524.301,496.333,548.677,490.867
702.246,438.982,686.867,445.437,597.917,483.104,569.534,487.703,543.508,486.202,497.255,467.586,459.412,418.712,783.036,397.848,757.898,416.597,718.764,480.73,671.612,459.454,514.322,504.461,559.644,497.053,551.185,502.757,576.047,493.769,376.714,399.249,477.736,443.386,524.839,497.287,549.594,491.59
704.56,439.814,689.616,445.975,600.926,484.769,573.447,488.294,546.291,487.924,498.578,468.96,462.28,421.367,784.976,398.643,759.136,417.509,720.792,481.562,672.84,460.211,514.322,501.852,562.353,497.053,554.305,503.936,579.467,494.752,376.714,399.249,478.954,445.121,525.637,497.639,551.729,493.078
706.894,440.487,691.831,446.59,603.425,485.661,575.034,489.542,547.963,488.559,499.452,469.744,464.257,422.467,786.582,399.69,760.303,418.477,722.646,482.106,675.409,461.068,514.322,501.829,566.431,495.83,556.278,505.461,582.064,496.086,376.714,399.249,479.853,446.059,527.532,499.489,552.824,494.367
709.162,440.833,694.194,447.264,605.261,486.803,577.448,490.72,549.639,489.599,501.048,470.522,465.659,422.873,788.833,399.993,763.026,418.799,725.071,482.52,677.601,461.566,564.327,498.392,570.495,495.398,558.827,507.238,583.325,497.256,379.547,400.292,481.906,447.664,530.118,501.366,553.432,495.556
711.363,441.472,696.778,448.25,606.617,487.17,579.344,491.51,551.037,490.733,508.166,472.072,467.529,426.364,791.396,400.652,766.098,419.664,728.1,483.117,679.107,462.418,579.37,496.313,580.476,495.945,560.91,508.429,585.195,497.388,381.842,400.445,484.809,449.662,531.151,502.578,554.376,496.747
713.383,441.967,699.021,448.522,610.14,487.361,582.34,492.545,554.647,492.498,510.335,474.155,470.413,427.214,794.447,401.334,768.208,421.829,730.257,483.937,681.589,462.611,580.467,495.014,582.23,495.945,565.774,508.977,588.66,498.424,383.237,401.579,487.205,450.178,536.36,502.679,558.243,498.05
715.84,442.093,700.362,448.987,612.322,488.408,584.923,494.479,557.503,495.042,512.835,476.09,474.028,429.369,796.212,401.484,769.518,423.265,732.343,484.912,684.057,463.435,581.214,495.014,585.144,495.945,568.274,510.035,590.929,499.949,385.62,401.639,493.985,454.273,538.522,503.937,561.462,498.733
717.53,442.86,702.289,449.545,613.261,489.723,586.915,495.41,559.195,496.431,513.952,477.163,475.457,429.696,797.617,402.786,771.468,424.195,734.729,485.537,686.062,464.965,586.521,496.245,589.423,495.945,570.2,510.395,591.808,501.694,388.659,402.143,495.435,454.691,540.961,505.205,562.681,499.719
719.244,444.4,704.451,449.739,615.283,490.212,590.223,496.725,560.431,497.197,516.027,478.584,476.678,429.821,799.733,403.675,774.396,424.228,736.995,486.336,688.918,465.882,588.839,496.313,590.552,496.314,572.315,511.462,594.235,502.316,392.472,402.66,496.176,454.842,542.474,506.694,565.209,501.014
721.524,444.869,706.231,450.198,615.984,492.065,592.613,498.031,563.776,497.24,517.985,478.69,479.236,433.081,801.951,404.523,775.304,424.879,739.84,486.902,689.087,466.179,589.544,497.434,594.959,496.819,573.614,512.531,597.309,503.942,396.047,402.948,498.691,455.813,544.584,507.961,567.81,502.207
723.663,445.35,708.645,450.872,617.97,493.373,594.209,498.833,565.957,498.425,519.096,479.665,481.463,433.836,804.84,405.157,776.78,425.589,741.926,488.09,691.101,466.397,591.289,497.953,598.933,497.128,576.542,513.334,599.266,505.175,398.653,403.674,499.344,455.813,546.513,509.587,569.543,504.259
725.445,446.352,710.781,452.004,622.029,494.116,595.838,501.907,567.683,499.354,521.218,481.204,483.597,434.688,806.681,405.644,778.508,427.168,743.748,488.986,693.495,467.126,594.64,498.326,602.153,497.842,578.762,515.144,601.64,505.416,401.704,404.042,503.67,455.813,548.496,510.417,570.231,504.5
728.264,447.3,712.941,452.495,623.13,495.685,598.753,502.085,570.165,500.442,522.368,483.025,484.92,436.388,808.535,406.953,780.96,428.097,746.786,489.746,696.4,468.124,602.544,498.759,605.151,498.318,581.685,515.968,605.063,505.694,402.174,404.488,505.875,456.091,551.721,511.473,573.142,505.367
730.974,447.466,714.867,453.923,626.344,496.463,600.778,502.199,573.185,501.419,524.625,485.49,486.923,436.531,810.348,408.108,783.395,428.873,747.349,492.278,698.964,469.35,607.898,498.852,612.335,498.359,584.695,516.257,606.746,506.593,405.263,404.81,505.894,456.138,554.399,512.412,577.333,506.968
732.657,447.626,716.682,454.459,629.32,497.711,602.284,502.944,575.184,502.588,526.026,487.119,489.022,437.997,812.253,409.194,784.935,430.349,748.494,493.345,700.555,470.58,612.041,498.852,615.817,499.009,586.696,517.996,608.644,506.979,409.825,405.456,510.42,459.3,556.283,513.711,579.461,508.337
734.525,448.719,719.112,455.432,633.127,498.002,605.685,504.073,578.152,503.522,531.436,487.791,492.301,440.859,814.199,411.237,787.428,433.493,751.646,494.062,704.177,471.742,612.367,499.448,617.543,499.046,589.185,519.082,611.598,508.033,413.603,405.878,513.589,460.784,558.983,515.13,582.093,509.362
735.974,448.88,721.592,455.728,635.458,499.106,608.293,504.53,580.006,504.814,533.235,488.473,493.88,441.445,816.186,411.828,789.396,435.433,753.426,494.637,705.488,471.889,620.258,499.634,620.504,499.08,591.253,520.808,613.857,508.969,416.021,406.154,514.612,461.398,560.688,517.257,583.656,510.853
737.933,449.741,723.642,457.443,638.042,499.903,610.566,505.76,581.54,506.485,535.234,489.56,495.868,444.773,817.794,412.817,791.336,435.478,755.93,495.026,707.614,472.912,625.832,500.759,625.851,500.059,593.88,522.688,615.25,510.922,416.668,407.773,516.637,462.122,562.893,518.912,585.849,511.688
740.501,450.51,726.448,458.322,640.143,500.801,612.193,506.882,583.559,508.335,537.997,490.33,497.391,446.088,820.537,413.789,793.268,436.376,757.87,496.338,709.054,473.374,626.052,500.759,628.484,500.461,596.029,524.186,617.033,512.633,419.84,407.813,518.839,462.446,565.926,519.253,587.075,513.025
742.949,451.999,728.647,459.319,642.505,501.665,614.49,507.413,586.759,509.788,539.823,491.769,500.703,446.365,821.967,414.961,794.671,437.762,759.55,496.407,711.06,475.595,627.592,501.322,631.213,501.637,598.479,525.15,618.732,513.645,424.471,407.839,521.605,465.678,569.259,519.907,589.754,514.19
744.765,453.209,730.184,460.3,644.185,503.338,616.868,509.346,588.155,510.925,541.18,493.023,501.393,446.864,825.35,415.775,798.254,438.051,762.277,496.438,712.77,476.415,634.796,500.759,632.697,502.401,600.044,526.806,620.728,514.91,427.724,408.38,525.926,465.738,571.236,521.435,592.183,515.383
746.527,453.585,731.921,460.603,645.928,504.828,619.912,510.573,590.289,512.079,544.924,495.366,502.513,450.211,827.706,417.34,800.843,439.292,764.969,496.487,715.349,476.417,637.553,500.249,635.968,502.647,604.141,527.349,624.114,517.097,430.72,409.299,527.792,467.839,573.944,524.014,594.779,516.874
748.994,454.241,733.586,461.701,647.906,505.362,622.552,512.296,591.622,512.972,547.492,497.198,506.052,452.725,830.549,417.542,803.538,439.311,766.621,497.646,717.759,476.886,667.141,491.046,641.239,503.086,605.735,528.615,624.906,518.264,433.606,409.66,529.84,468.551,574.851,525.619,596.445,519.175
750.696,454.317,735.788,462.471,649.756,506.819,624.019,514.224,594.177,514.466,550.462,497.828,508.841,453.445,832.63,418.262,806.492,439.538,769.409,497.654,720.344,478.372,667.141,491.046,644.939,503.529,607.035,530.968,627.367,519.748,436.106,410.024,531.346,468.951,576.575,526.405,598.716,520.538
752.928,455.337,738.548,463.208,652.086,509.297,625.592,516.074,596.459,516.006,552.252,498.93,511.596,454.165,834.482,420.324,809.079,439.901,771.35,499.391,722.52,479.056,667.141,491.046,647.32,504.171,608.745,531.868,629.678,521.394,438.539,410.994,531.704,469.38,579.071,527.271,601.051,521.877
754.677,456.275,740.408,463.59,653.632,510.529,627.362,517.325,599.719,517.382,554.72,500.32,514.003,454.539,838.344,421.118,812.733,439.905,773.332,500.329,724.086,479.185,652.943,498.4,650.902,504.56,611.434,533.307,631.554,522.747,440.911,412.043,534.988,469.885,581.789,528.433,603.156,522.004
757.319,457.331,743.387,464.963,654.459,511.692,629.83,519.116,602.103,518.263,556.566,501.099,515.658,456.544,842.431,422.864,815.463,440.364,775.16,500.569,725.71,480.145,643.286,498.534,652.199,505.843,613.634,534.591,633.492,524.637,445.311,412.151,535.305,471.772,583.918,529.765,605.813,523.233
759.348,458.474,744.577,465.069,655.78,513.789,631.824,519.993,604.96,519.718,558.458,503.785,516.155,456.544,844.144,422.894,817.176,441.673,777.356,501.206,728.065,481.588,643.286,498.534,654.746,505.888,616.969,535.165,635.966,524.893,448.526,413.659,540.743,473.361,585.643,531.188,608.265,525.84
760.922,459.357,746.607,466.726,659.525,515.132,635.43,520.518,607.529,521.374,560.036,506.679,518.958,457.08,847.451,423.628,819.985,441.829,779.389,502.513,730.717,482.964,643.286,498.534,658.255,507.047,620.452,536.243,640.329,525.142,451.021,414.417,543.759,474.58,588.373,533.048,610.908,527.151
763.431,459.681,748.543,467.094,660.847,516.587,637.033,521.717,608.126,523.419,561.995,507.475,525.84,457.479,849.879,424.188,821.509,444.349,780.664,504.18,733.389,484.188,647.436,498.534,661.758,508.882,622.846,539.738,641.602,527.552,453.991,415.025,546.389,475.203,589.995,534.8,613.947,527.343
765.453,460.759,750.721,468.167,662.567,518.151,638.635,523.926,610.242,524.877,563.738,508.391,528.099,462.706,851.251,427.282,824.148,445.677,783.182,505.043,735.278,485.277,657.013,500.444,665.503,510.283,623.878,541.116,642.412,529.974,455.918,415.86,547.784,475.562,592.644,535.508,615.768,528.651
767.083,461.652,752.333,468.964,663.007,519.535,639.22,524.839,612.31,526.949,565.714,509.281,530.505,464.358,854.6,428.032,826.309,446.177,785.137,505.096,737.442,485.823,664.396,502.042,667.185,512.232,626.198,541.748,643.68,530.432,458.725,416.713,550.133,476.725,595.497,537.417,616.928,530.591
769.228,462.763,754.418,469.967,666.718,520.76,640.562,526.016,614.267,527.257,567.712,509.953,530.505,466.065,857.305,430.378,829.934,447.502,787.573,507.155,739.547,486.512,667.599,502.332,669.553,512.842,628.657,543.117,646.09,531.81,461.564,416.936,551.092,476.75,598.205,539.535,618.968,531.714
771.571,463.051,756.542,470.849,668.453,521.851,642.402,527.357,616.809,528.339,571.438,511.786,531.727,467.256,861.654,430.467,832.093,448.344,790.813,507.738,741.425,487.203,674.29,502.757,672.588,514.359,630.734,544.064,648.739,532.997,462.916,418.566,552.341,476.917,600.817,540.646,621.619,532.357
774.156,464.702,759.035,471.953,669.355,523.185,644.573,528.693,619.16,530.775,573.238,513.686,533.177,469.135,865.451,431.64,835.699,449.024,793.295,508.936,743.706,489.099,675.705,502.757,675.072,515.694,634.448,545.242,650.661,534.559,464.807,419.993,552.415,477.037,602.893,542.129,624.054,534.777
776.197,465.965,762.084,473.062,669.582,523.851,646.252,530.381,622.03,531.878,575.836,515.293,536.278,469.384,868.141,432.352,838.061,450.587,793.361,508.984,745.744,489.169,677.099,503.034,677.443,517.742,636.513,546.37,652.15,536.306,466.725,420.582,558.208,482.649,604.899,543.172,626.833,536.505
778.273,466.852,763.675,473.062,672.69,524.644,648.062,531.676,624.405,532.914,577.76,516.369,537.353,469.389,871.911,434.447,839.377,452.925,794.614,508.984,746.25,489.169,683.354,503.034,679.605,517.8,638.18,548.341,654.453,537.068,469.001,421.768,560.721,485.268,607.044,544.693,629.364,537.439
779.657,466.903,764.983,473.062,674.327,525.037,650.495,533.139,624.69,534.446,581.589,517.732,538.838,469.844,873.884,436.352,843.224,453.421,795.905,509.283,746.366,489.169,689.499,503.034,686.043,518.152,639.212,551.192,655.422,538.57,473.793,422.028,563.764,486.708,608.594,546.658,630.851,539.12
780.962,466.903,766.004,472.105,676.331,525.106,653.354,534.217,627.086,536.699,583.247,519.198,543.48,474.991,876.447,438.85,845.136,454.881,796.876,509.283,746.732,488.856,691.133,503.034,688.139,518.923,643.559,552.891,657.964,539.665,476.309,422.752,565.559,487.282,610.843,549.37,632.415,541.405
781.575,466.903,766.238,471.435,678.442,525.106,654.627,535.297,628.503,538.024,584.607,520.543,545.443,477.229,880.448,442.505,847.262,456.748,797.073,509.48,746.822,488.181,746.604,498.117,689.591,519.241,645.186,554.115,660.988,539.735,478.435,424.27,565.615,487.393,612.492,551.2,633.633,542.046
781.937,466.571,766.401,470.854,680.407,525.037,656.587,536.362,631.327,540.582,586.034,522.084,547.479,479.488,882.38,444.793,849.111,459.076,797.368,509.48,747.119,487.846,749.255,497.63,690.524,520.113,647.485,555.65,663.493,540.161,479.928,425.187,568.846,491.045,615.302,553.11,636.809,543.712
782.123,465.484,766.581,470.193,683.97,525.0,658.252,537.895,631.874,542.045,587.412,524.597,549.445,480.221,885.166,448.564,853.544,460.809,797.441,509.48,747.317,487.578,751.849,497.63,692.021,520.6,650.223,557.501,665.368,542.012,482.535,426.979,570.139,493.289,617.94,554.959,638.551,545.075
782.411,464.625,766.581,469.52,686.561,524.768,660.166,538.528,633.419,544.035,589.393,526.062,550.418,480.239,890.766,450.694,856.012,462.543,797.623,508.908,748.19,487.312,751.925,498.117,694.316,522.332,652.474,558.726,667.38,542.648,484.611,428.135,572.212,496.991,620.437,557.406,640.696,546.44
782.697,463.436,767.138,468.53,689.571,524.531,662.707,539.992,635.68,544.956,593.967,526.822,551.508,483.488,892.583,452.683,857.777,464.03,797.747,508.871,750.025,484.869,754.482,501.219,698.463,522.894,655.205,560.157,669.566,543.888,487.064,430.077,573.759,499.079,622.422,559.222,642.575,547.629
783.016,463.379,767.717,468.122,693.318,524.531,665.842,540.161,637.901,546.125,594.945,528.264,554.092,484.117,895.069,455.367,860.247,465.54,798.029,508.657,751.199,484.845,759.153,502.437,698.463,523.101,655.947,561.295,671.805,544.408,488.786,432.19,574.168,500.023,623.477,560.506,644.117,549.543
783.594,463.103,767.865,468.036,693.941,524.531,667.576,541.08,640.149,547.539,596.078,530.531,557.336,484.745,897.845,459.122,863.691,469.406,801.878,508.026,751.554,484.679,760.668,505.93,699.084,524.187,659.118,562.369,672.139,545.594,491.855,432.879,576.916,502.049,625.151,562.589,645.896,551.633
784.12,462.706,768.02,468.036,695.052,528.083,668.322,542.418,640.996,548.116,597.468,532.855,558.805,485.417,900.401,462.481,866.477,471.567,801.878,508.026,752.602,484.679,763.083,506.911,700.579,532.188,662.06,563.347,674.189,546.211,494.558,434.224,577.499,503.114,627.827,564.26,646.955,553.125
784.306,462.419,768.334,468.036,695.574,528.083,669.233,544.209,642.494,550.518,599.02,533.998,561.069,485.997,904.05,466.158,869.322,471.619,802.517,507.953,753.534,484.686,763.963,510.654,700.579,532.936,664.279,565.298,675.098,548.337,495.092,437.885,580.958,503.808,630.349,566.345,650.179,555.254
784.614,461.595,768.443,468.036,696.532,528.083,670.816,545.153,645.156,553.209,600.52,535.538,562.736,487.699,907.149,468.357,872.872,474.183,802.818,507.57,753.768,484.499,764.107,511.099,700.579,540.227,666.838,566.097,677.186,549.121,496.592,440.817,581.936,506.054,632.1,567.395,652.117,556.588
785.067,458.187,768.934,467.857,702.589,525.385,673.509,545.779,646.609,555.043,602.606,537.078,565.569,488.918,908.403,471.862,876.434,476.195,808.83,504.669,754.418,484.348,764.372,511.883,702.909,540.227,669.488,566.817,677.933,551.424,497.446,445.415,582.801,508.175,635.657,569.453,653.485,558.735
785.098,457.133,769.531,466.871,704.175,524.432,675.052,546.589,649.432,555.212,605.188,538.556,568.242,489.025,912.356,473.949,879.301,478.102,809.42,504.554,754.75,484.23,764.372,511.883,703.501,540.227,672.963,570.218,679.805,552.177,497.467,449.584,584.055,510.485,637.523,570.942,655.795,559.366
785.098,456.147,770.509,466.206,709.227,521.903,676.681,548.309,651.541,557.059,606.68,540.117,570.452,491.474,913.024,477.589,880.669,480.881,809.42,504.554,756.126,483.553,764.706,511.883,720.155,518.056,675.294,571.011,682.879,552.177,498.15,454.151,593.671,519.085,640.476,573.932,657.601,561.212
785.762,455.396,771.605,465.345,709.874,521.785,678.955,548.512,653.692,559.06,607.354,542.144,570.981,493.178,915.969,479.585,882.585,484.517,808.83,504.554,757.169,483.199,764.796,510.366,720.155,517.071,677.81,572.4,684.743,552.177,498.292,457.345,593.671,521.497,642.041,575.902,659.568,563.231
786.207,454.781,772.062,465.328,710.17,521.727,681.264,548.76,654.762,561.208,609.634,543.48,573.028,496.318,918.119,482.428,882.969,486.356,717.806,553.793,757.765,483.154,764.796,510.366,720.155,517.071,680.412,574.054,687.339,551.933,498.292,463.205,593.671,523.541,643.772,577.941,661.133,565.474
786.333,453.658,772.891,464.813,710.201,521.258,681.442,548.981,655.597,562.398,612.729,545.929,573.33,498.502,922.002,486.155,885.069,487.154,717.062,554.173,759.534,483.154,765.296,510.366,716.174,517.336,682.902,574.4,689.278,551.399,498.292,468.292,591.059,525.162,645.927,580.28,662.736,567.099
786.725,452.924,773.723,464.173,710.201,521.258,683.885,548.981,656.868,564.383,613.7,547.215,575.223,499.537,924.04,488.859,887.079,488.172,717.062,554.173,760.702,482.912,765.811,510.602,716.174,518.056,684.251,574.514,690.713,550.801,497.552,472.986,590.72,529.815,647.751,581.05,663.955,568.072
786.977,452.053,773.811,463.922,710.201,521.258,685.385,548.985,658.699,564.487,615.234,549.11,576.941,500.179,925.094,490.626,889.064,488.867,717.062,554.173,760.78,482.823,774.065,516.994,716.174,518.773,686.317,574.962,692.699,550.801,497.417,480.253,590.166,531.998,649.401,582.989,665.844,569.164
787.14,451.855,774.517,463.365,709.792,521.96,686.233,550.011,662.998,565.54,617.911,551.504,579.607,502.475,927.129,496.611,891.145,490.975,717.617,553.707,761.028,482.605,775.636,519.068,720.242,521.259,687.433,575.254,694.04,550.801,497.359,484.39,590.166,536.835,653.541,584.971,668.997,569.446
787.281,451.774,774.764,463.216,709.174,522.558,687.072,550.517,664.706,566.547,619.973,555.39,581.555,504.177,928.838,499.335,891.145,492.096,718.432,553.541,761.028,482.605,779.061,520.354,720.242,521.486,690.363,575.209,694.784,553.198,496.044,489.985,590.166,540.127,655.357,587.018,672.015,569.46
787.302,451.641,774.764,463.106,708.746,522.841,688.019,551.019,666.531,568.152,621.162,556.649,584.124,506.113,929.693,502.405,891.145,494.592,718.821,552.921,761.028,482.605,779.531,523.597,720.242,521.486,692.215,576.094,694.784,553.48,495.715,498.519,589.532,542.619,658.043,588.004,672.187,571.619
787.302,451.555,774.764,463.049,708.352,523.445,688.034,551.922,666.765,571.056,621.342,559.641,586.398,508.855,930.357,506.175,890.827,496.363,718.985,552.483,760.915,482.4,779.531,524.996,719.552,521.463,692.574,576.175,694.922,554.004,495.715,504.903,589.532,547.327,659.113,590.322,673.027,572.706
787.272,451.408,774.624,462.921,708.255,523.486,688.198,552.838,667.651,572.978,622.679,560.816,587.964,509.066,930.96,510.003,890.799,499.639,797.656,513.554,760.651,482.4,779.531,526.966,719.552,521.463,692.86,576.544,695.38,554.467,495.595,514.843,589.813,551.506,660.925,591.549,673.703,574.223
787.272,451.522,774.584,462.921,708.09,523.675,688.266,554.1,668.188,574.343,623.258,562.43,589.751,511.739,930.96,513.821,890.351,500.709,798.135,513.49,760.456,482.412,779.074,531.696,719.552,521.486,693.237,576.892,695.38,554.862,495.595,521.931,589.813,556.198,661.89,592.789,675.598,575.794
787.258,451.555,774.569,462.921,707.797,523.929,688.563,555.283,669.037,574.896,626.322,565.888,590.841,512.73,930.564,516.695,890.326,501.249,798.135,513.49,760.456,482.412,778.566,534.616,720.828,541.632,696.076,576.935,695.38,555.493,959.873,529.503,589.532,560.763,663.419,593.617,677.128,576.334
787.258,451.555,774.413,462.921,706.984,524.055,689.02,556.19,669.985,576.276,627.743,566.861,591.11,516.552,930.96,517.517,890.326,501.409,797.656,513.554,760.456,482.412,778.309,537.003,720.828,542.581,696.716,577.718,695.527,556.562,959.873,531.924,589.813,564.329,664.166,595.139,677.675,577.639
787.1,451.522,774.188,463.397,706.984,525.666,689.616,556.317,671.005,576.305,628.919,568.661,592.811,518.574,932.585,518.708,890.291,502.629,719.336,547.331,761.322,482.874,776.507,540.758,720.828,543.179,697.164,578.203,695.639,557.026,958.025,532.289,589.813,569.543,667.732,596.784,678.66,579.018
787.1,451.522,774.113,463.422,706.984,525.718,690.477,556.616,672.523,576.859,628.919,569.975,594.207,519.902,931.353,519.587,890.13,503.057,719.336,548.116,761.4,482.874,772.514,543.715,720.011,543.475,699.13,578.261,696.536,557.079,958.025,533.824,590.739,572.585,669.477,597.336,680.822,579.255
786.855,451.458,773.676,463.534,706.984,526.021,690.576,557.416,673.565,578.218,629.24,570.928,595.314,521.816,931.353,520.452,889.272,503.312,719.336,548.116,761.4,482.874,770.806,549.911,719.553,543.556,699.187,578.911,696.606,557.421,957.361,534.653,591.975,576.824,670.586,598.152,681.053,580.216
786.188,451.353,772.941,463.422,706.984,526.198,690.894,557.673,673.985,579.635,629.406,571.715,596.386,523.128,931.727,520.481,886.773,503.312,720.051,548.116,761.4,482.869,766.024,553.254,719.365,544.859,699.194,579.308,696.673,559.029,957.284,534.653,592.486,579.856,671.755,599.105,681.836,581.523
785.885,451.317,772.894,463.397,706.37,527.051,691.276,558.993,675.017,580.175,629.406,573.103,597.345,525.005,931.727,520.613,885.82,503.312,808.232,512.433,761.4,482.836,765.592,557.058,719.227,545.794,699.617,579.932,696.849,560.013,956.811,534.653,593.785,584.747,674.455,599.502,682.335,581.606
785.739,451.132,772.789,463.28,705.984,527.758,691.507,559.771,675.297,581.112,631.139,574.238,597.398,527.547,931.727,520.613,860.549,484.737,808.255,511.871,761.4,482.692,763.148,557.706,718.798,547.268,699.834,580.647,696.849,560.714,956.474,534.039,594.177,588.99,675.693,600.918,682.674,582.19
785.411,450.926,772.545,463.269,705.984,527.758,691.745,560.481,676.171,581.856,631.912,574.907,597.439,529.154,931.727,520.613,860.506,483.86,808.255,511.756,761.441,482.565,762.555,560.076,718.753,547.716,699.961,580.964,697.296,560.848,956.474,533.621,595.674,592.023,677.196,601.426,683.618,582.457
785.196,450.689,772.357,462.776,705.939,527.758,691.754,561.183,676.442,582.652,631.99,579.375,597.398,531.414,931.727,519.842,860.442,483.358,808.232,511.522,761.467,482.152,762.25,560.865,718.242,564.021,700.385,581.502,697.502,561.29,956.474,532.361,596.28,596.979,678.283,601.719,683.847,582.667
784.881,450.346,771.858,462.714,705.905,527.304,691.801,562.097,676.509,584.491,632.426,580.009,597.345,533.688,928.915,518.299,860.279,481.935,808.154,511.522,761.467,482.107,761.738,560.865,718.242,564.841,700.479,583.034,697.78,562.157,956.648,531.676,596.327,602.048,679.674,601.948,684.802,582.699
784.676,450.26,771.763,462.396,705.802,526.826,692.057,562.097,676.923,585.019,632.44,580.5,597.398,536.569,928.674,518.079,860.058,480.791,807.993,511.468,761.442,482.053,760.795,561.488,718.242,564.9,700.479,583.141,698.193,562.371,957.606,531.388,598.037,604.441,680.32,602.414,685.282,582.79
784.539,450.25,771.661,462.266,705.593,526.572,692.187,562.106,677.225,585.843,632.615,580.681,597.254,538.772,927.857,517.699,859.824,478.995,807.993,511.402,761.441,482.053,760.176,561.488,718.779,565.329,701.08,583.392,698.427,562.371,958.217,530.477,598.338,609.148,680.832,602.863,685.518,582.79
784.24,450.072,771.623,461.964,705.5,526.572,692.478,562.106,677.482,585.922,634.346,580.966,597.098,541.163,927.554,517.416,859.385,477.728,807.993,511.376,761.196,481.986,760.016,561.488,718.795,565.695,701.393,583.392,698.52,562.371,958.217,530.477,598.896,613.565,681.737,602.917,685.947,582.79
784.227,450.019,771.568,461.896,705.007,526.572,692.513,561.91,678.11,586.433,634.731,581.435,596.599,543.595,926.379,517.395,859.039,476.515,808.058,511.07,761.132,481.915,758.722,561.488,719.045,565.695,701.689,583.392,698.683,562.195,958.217,530.477,600.039,618.578,683.266,603.016,687.507,581.829
784.079,449.854,771.363,461.5,702.658,533.899,692.678,561.824,678.319,586.885,634.731,581.892,595.091,546.631,925.656,517.015,858.549,475.542,808.086,511.031,761.053,481.915,758.452,562.285,719.12,565.695,703.154,580.192,699.039,561.48,521.275,692.622,601.23,621.979,684.053,603.131,687.906,581.829
783.951,449.8,771.092,461.491,702.645,534.206,692.79,561.824,678.34,587.0,634.731,582.146,594.899,549.748,925.399,516.981,858.335,475.231,812.886,508.4,760.807,481.837,758.452,562.928,719.12,565.506,703.37,580.082,699.096,561.095,521.275,692.622,601.546,625.839,684.386,603.17,688.028,581.605
783.951,449.755,771.068,461.401,702.645,534.206,692.79,561.824,678.456,587.0,634.544,583.006,594.284,552.811,924.839,516.978,858.115,474.503,812.886,508.167,760.773,481.834,758.722,563.844,719.12,565.205,703.582,580.082,699.261,561.095,521.275,692.622,603.173,629.811,685.289,603.17,688.231,581.819
783.985,449.773,771.028,461.215,702.645,534.206,692.678,561.87,678.648,587.0,631.569,588.147,592.701,555.05,924.839,516.957,858.105,473.737,813.131,508.021,760.759,481.737,759.028,564.94,712.963,526.917,703.612,580.082,699.606,560.938,961.294,526.324,604.785,632.256,685.342,603.336,688.509,581.819
784.001,449.773,771.028,461.215,702.92,533.891,692.633,561.87,678.838,586.55,631.569,589.162,592.456,557.638,924.839,516.957,858.105,473.477,813.166,508.021,760.739,481.721,759.217,565.303,712.194,526.563,703.625,580.19,699.606,560.827,961.294,526.324,605.493,637.042,685.835,603.431,688.621,581.605
784.001,449.773,771.028,461.215,703.524,530.675,691.96,561.912,678.838,586.109,631.569,590.295,591.792,559.955,925.238,516.798,858.115,473.302,813.375,508.021,760.616,481.721,759.499,565.726,711.649,526.563,703.783,580.19,699.606,560.805,961.294,526.324,606.451,640.48,686.035,603.832,688.645,581.151
784.001,449.901,771.067,461.242,703.524,530.661,691.702,561.87,678.838,585.762,632.213,591.914,590.953,563.544,925.737,516.863,858.115,473.302,817.518,507.901,760.61,481.721,759.902,566.146,711.465,526.563,703.849,580.19,699.527,560.308,959.177,528.188,607.397,642.268,686.211,604.206,688.741,580.495
783.985,449.915,771.067,461.282,703.524,530.653,691.606,561.858,678.838,585.762,633.175,593.898,590.301,565.953,926.527,516.863,858.065,473.302,817.829,507.901,760.61,481.734,760.655,566.785,711.465,526.563,703.859,580.158,699.516,560.233,958.582,528.912,609.205,644.367,686.403,604.691,688.805,580.484
783.964,449.953,771.067,461.297,703.355,530.653,691.606,561.849,678.619,586.017,633.339,594.788,589.476,568.49,926.603,516.863,857.78,473.416,817.881,507.779,760.61,481.838,761.565,567.617,711.465,526.547,703.931,580.126,699.516,559.938,958.182,529.175,611.573,646.423,686.993,604.898,688.811,580.141
783.92,449.953,771.043,461.297,703.288,530.675,691.535,561.649,678.608,586.045,633.623,596.364,589.407,571.012,927.146,516.863,857.78,473.445,817.881,507.378,760.61,481.838,762.563,568.958,711.531,526.347,704.088,580.049,699.516,559.274,958.03,529.511,614.831,649.652,687.326,604.898,689.034,579.805
783.865,449.953,771.043,461.297,703.207,530.733,691.438,561.638,678.307,586.017,633.843,597.062,588.171,574.335,927.256,516.991,857.464,473.536,818.169,507.378,760.56,481.838,765.291,571.601,711.533,526.347,704.408,580.026,699.548,559.202,957.983,530.317,616.21,651.494,687.431,604.691,689.091,579.084
783.859,449.877,771.043,461.249,703.167,531.204,691.438,561.227,678.189,586.017,634.36,598.255,587.264,579.23,927.146,517.008,857.218,473.536,818.288,507.378,760.54,481.838,767.291,572.522,711.923,526.547,704.487,579.747,699.624,558.787,957.983,530.337,618.023,653.542,688.195,604.356,689.504,578.018
783.842,449.877,771.064,461.243,703.135,531.48,691.413,560.73,678.069,585.638,634.813,600.009,586.187,582.571,927.146,518.027,857.085,473.536,818.288,507.453,760.531,481.838,768.897,574.452,713.844,528.031,704.716,578.922,699.624,558.7,957.905,530.341,621.505,654.364,688.472,603.572,689.622,577.277
783.841,449.877,771.064,461.243,703.134,531.48,691.413,560.534,678.189,585.027,635.762,601.767,586.13,584.292,927.146,518.027,857.085,473.536,818.404,507.453,760.522,481.849,769.595,575.794,714.108,528.568,704.871,578.534,699.624,558.579,957.905,530.485,622.772,657.279,688.621,602.386,689.712,576.179
783.841,449.877,771.064,461.249,702.866,532.416,690.87,560.214,678.189,584.795,636.195,603.587,585.854,588.895,927.136,518.027,857.085,473.536,818.404,507.453,760.531,481.859,771.162,577.205,714.314,529.083,704.893,578.192,698.732,558.398,957.905,530.485,625.208,657.831,688.893,601.954,689.852,576.119
783.842,449.869,771.011,461.31,702.737,532.577,690.855,560.155,678.552,584.601,637.026,604.109,584.414,593.921,927.136,517.781,886.374,502.6,818.111,507.448,760.531,481.878,772.68,578.409,714.344,529.676,705.108,577.882,698.594,558.158,958.003,530.485,627.42,658.775,691.888,600.843,689.852,576.119
783.841,449.842,770.996,461.408,702.624,533.26,690.692,560.048,678.727,583.732,638.011,604.859,584.414,597.07,927.256,517.745,886.374,502.6,813.678,507.4,760.571,481.951,774.586,579.428,714.344,530.031,705.228,577.882,698.407,558.158,958.162,530.438,630.649,659.931,692.171,599.139,689.712,576.179
783.754,449.835,770.966,461.444,702.497,533.304,690.484,559.597,678.776,583.18,639.098,604.859,584.397,599.923,927.32,517.717,886.374,502.86,813.628,507.4,760.571,481.962,775.971,580.477,714.344,530.34,705.228,577.882,698.392,557.618,958.255,530.399,632.642,661.152,692.176,598.69,688.328,576.339
783.754,449.835,770.961,461.563,702.474,533.786,689.798,559.597,678.776,582.816,640.035,605.605,584.414,605.246,927.593,515.874,885.725,502.86,813.628,507.4,760.571,482.02,778.08,580.58,714.359,530.764,705.108,577.975,697.786,557.511,958.44,530.29,638.311,662.449,692.294,598.485,688.265,576.339
783.648,449.835,770.925,461.636,702.199,533.832,689.6,559.522,678.727,582.508,641.48,606.495,585.289,608.577,927.593,515.788,885.392,502.948,813.628,507.53,760.56,482.11,780.308,582.225,714.695,530.982,704.93,578.071,697.538,557.332,958.68,530.277,639.56,665.64,692.319,598.443,688.051,576.339
783.536,449.866,770.689,461.826,700.997,534.009,688.861,559.522,678.722,582.389,641.902,606.913,585.368,611.642,927.593,515.439,885.225,503.07,813.544,507.649,760.236,482.378,782.94,583.458,751.064,570.202,704.868,578.422,697.243,557.245,958.946,530.263,642.072,665.772,692.319,598.395,687.94,576.226
783.513,449.998,770.686,462.335,700.818,534.275,688.304,559.552,678.647,581.923,642.074,606.952,586.506,614.38,927.57,515.439,884.934,503.698,808.359,511.286,759.929,482.604,783.745,583.929,751.064,570.902,704.489,578.447,696.872,557.055,958.988,530.181,646.261,666.499,692.351,598.34,687.618,576.22
783.436,450.237,770.505,462.569,700.631,534.275,687.003,559.552,678.647,581.369,642.147,607.849,588.048,617.866,927.313,515.439,884.895,503.857,808.127,511.331,759.817,482.642,784.68,585.869,751.064,571.999,704.011,578.447,696.826,556.621,959.19,530.133,647.937,668.416,692.79,598.395,687.51,576.083
783.405,450.385,770.446,462.682,700.614,534.275,686.709,559.408,678.722,580.963,642.074,607.987,588.765,622.823,927.174,515.691,884.851,504.457,808.038,511.376,759.54,482.673,785.643,587.371,750.356,572.677,703.887,578.459,696.513,556.6,959.317,530.105,649.636,670.226,693.351,598.34,687.426,576.016
783.327,450.706,770.415,463.041,699.844,533.883,686.643,558.796,679.948,580.859,641.981,608.309,588.909,624.321,926.955,515.772,884.808,504.47,808.038,511.395,759.044,482.813,785.643,589.57,750.173,573.293,703.432,578.459,696.504,556.536,959.337,530.095,652.98,671.287,693.356,598.288,687.324,575.939
783.215,451.007,770.415,463.274,699.835,533.883,686.643,558.751,680.257,580.553,642.074,610.943,590.865,626.582,926.787,515.92,884.714,504.586,807.931,511.406,758.831,482.888,785.643,591.09,749.09,573.364,703.316,578.513,696.228,555.723,959.561,530.075,652.98,671.287,693.356,598.288,687.154,575.939
783.215,451.276,770.415,463.65,699.835,533.883,686.643,558.747,680.413,580.124,642.419,611.943,592.984,628.056,926.678,515.92,884.714,504.47,807.685,511.406,758.826,482.916,751.072,621.896,748.733,573.364,703.316,578.513,695.948,555.723,959.561,530.075,652.98,671.287,693.502,597.943,687.074,575.939
783.215,451.452,770.613,463.908,699.531,534.332,686.643,558.747,680.573,579.567,642.871,612.278,594.444,630.146,926.6,515.92,884.521,504.47,807.57,511.406,758.826,482.952,737.63,621.986,748.224,573.293,703.316,578.562,695.948,555.974,959.561,530.062,650.787,594.202,693.554,597.943,686.628,576.016
783.37,451.613,770.737,464.236,699.531,534.332,686.67,558.558,680.69,579.531,643.368,612.452,595.935,631.876,926.501,515.92,884.521,504.407,807.329,511.111,758.831,483.116,737.574,622.596,745.41,572.513,703.441,580.358,695.89,555.974,959.279,530.057,650.787,594.072,693.672,597.943,686.491,575.963
783.575,451.856,770.999,464.472,699.436,534.332,687.11,558.747,681.077,578.967,643.368,613.071,596.89,636.718,926.451,515.925,884.576,504.407,807.164,511.014,758.884,483.16,737.339,622.596,745.121,572.513,703.478,580.404,695.768,555.974,959.222,530.057,650.787,594.072,693.848,598.126,686.474,576.05
783.8,452.005,771.287,464.6,699.316,534.403,687.376,558.829,681.267,578.872,643.463,613.862,596.911,636.809,926.451,515.918,884.62,504.407,807.096,511.014,758.884,483.246,737.339,622.859,744.662,572.513,703.69,580.448,695.699,556.081,959.162,530.06,650.903,594.202,694.167,598.65,686.119,576.094
783.963,452.032,771.544,464.738,699.436,534.118,687.382,558.859,681.267,578.593,643.463,615.228,598.107,638.453,926.451,515.931,884.594,504.568,806.821,511.014,758.884,483.314,737.339,624.208,744.65,572.855,703.69,580.489,695.768,556.222,959.139,530.062,651.022,594.443,694.501,598.65,686.119,576.094
783.963,452.275,771.544,464.919,699.534,534.021,687.459,558.859,681.383,578.509,643.258,616.283,599.662,640.16,926.479,515.931,884.6,504.597,806.821,510.996,758.829,483.33,737.493,625.199,744.527,573.245,703.827,580.489,695.768,556.081,959.147,530.074,651.464,594.743,695.776,598.65,686.119,575.963
783.963,452.519,771.544,465.122,699.676,534.021,687.633,558.859,681.575,578.509,641.892,621.352,600.614,640.714,926.568,515.897,884.6,504.597,806.821,510.959,758.556,483.566,738.114,625.411,744.448,573.314,704.086,580.489,695.768,556.081,959.139,530.084,652.543,594.743,696.546,598.394,686.399,575.732
783.9,452.591,771.383,465.284,700.078,533.868,687.825,558.822,681.875,578.421,641.892,622.323,600.873,641.88,926.589,515.769,884.62,504.597,807.07,510.941,758.426,483.679,738.479,625.754,744.123,573.432,704.391,580.146,696.102,556.05,959.122,530.074,653.364,595.223,696.959,597.575,687.092,575.101
783.855,452.608,771.339,465.293,700.097,533.868,687.983,558.822,682.004,578.255,641.892,623.317,602.02,643.43,926.644,515.739,884.7,504.459,811.216,508.208,758.386,483.681,738.501,626.092,743.592,573.578,704.391,579.952,696.102,556.05,958.929,530.074,655.47,595.685,697.192,597.575,687.092,575.094
783.855,452.624,771.338,465.389,700.097,533.868,688.039,558.822,682.047,578.255,642.911,624.113,603.157,643.768,926.663,515.637,884.802,504.416,811.216,508.186,758.359,483.799,738.532,626.685,742.969,574.214,704.394,579.951,696.102,556.05,958.597,530.125,655.811,596.047,697.562,597.398,687.137,575.094
783.859,452.63,771.313,465.51,700.078,534.18,688.039,559.941,682.169,578.255,643.006,624.231,604.917,643.898,926.763,515.486,884.857,504.154,811.216,508.186,758.338,483.866,739.0,627.132,742.584,574.611,704.394,579.951,696.006,556.608,958.587,530.161,656.554,596.366,698.641,595.271,687.223,575.094
783.9,452.665,771.313,465.653,700.007,534.33,688.039,560.155,682.397,578.319,643.176,624.59,605.444,644.751,926.763,515.333,884.966,504.044,811.214,508.208,758.338,483.987,739.182,627.674,742.058,574.772,704.46,579.951,695.98,556.897,958.577,530.203,657.378,596.366,701.776,595.271,687.223,575.342
783.945,452.771,771.313,465.67,699.695,534.757,687.899,560.88,682.534,578.685,647.626,624.934,606.217,644.836,926.799,515.261,887.217,503.578,811.203,508.216,758.338,484.073,739.612,627.74,741.239,575.035,704.85,580.028,695.977,557.424,958.559,530.24,657.871,596.047,702.522,595.271,687.745,575.488
784.046,452.886,771.312,465.716,699.592,535.112,687.642,561.351,682.768,579.245,647.818,625.049,607.079,645.902,926.819,515.185,887.49,503.465,811.008,508.288,758.375,484.097,740.731,627.74,740.456,575.188,704.905,580.028,695.871,557.767,958.013,530.253,658.312,596.047,702.698,595.271,688.507,577.121
784.046,452.94,771.312,465.762,698.41,536.11,687.642,562.052,687.404,582.548,647.833,625.049,608.11,646.619,926.819,515.14,887.51,503.22,811.008,508.54,758.375,484.147,740.861,627.74,739.959,575.188,705.078,580.028,695.871,558.318,957.824,530.259,658.601,596.366,703.227,595.278,688.697,577.848
784.046,452.965,771.215,465.819,698.41,536.458,687.642,562.052,687.413,582.786,648.478,625.309,608.783,647.019,926.78,515.087,887.51,502.899,811.203,508.54,758.375,484.259,741.22,627.551,739.343,575.188,705.655,579.972,695.871,558.42,957.616,530.297,860.03,476.784,703.227,595.653,689.345,577.952
784.007,452.966,771.149,465.837,698.41,536.464,687.956,562.109,687.502,583.016,649.503,625.458,610.073,647.991,926.78,514.994,887.519,502.856,811.284,508.599,758.197,484.259,741.844,627.323,734.571,573.381,705.655,579.916,696.133,558.423,957.408,530.297,860.216,476.814,703.227,595.724,690.087,578.052
783.969,453.024,771.149,465.929,698.454,536.478,687.956,562.189,687.545,583.284,650.04,625.535,611.043,648.661,926.711,514.851,887.519,502.741,811.319,508.685,758.182,484.259,742.428,627.206,734.018,573.381,705.735,579.821,696.287,558.508,957.317,530.297,860.886,476.938,703.386,595.927,690.447,578.063
783.956,453.024,771.135,465.944,698.493,536.589,687.956,562.189,687.556,584.104,654.362,626.217,611.755,649.57,926.706,514.744,887.954,502.73,811.319,508.685,758.148,484.274,742.771,627.048,733.746,572.894,705.756,579.821,696.4,558.843,956.997,530.287,861.136,476.919,703.386,595.927,690.543,578.351
783.923,453.052,771.138,465.944,698.524,536.633,687.649,562.921,688.03,584.462,655.175,626.54,611.765,650.664,926.684,514.505,888.38,502.496,811.319,508.767,758.156,484.259,742.968,626.248,733.242,572.894,705.756,579.834,696.744,558.843,956.792,530.27,861.622,476.919,703.386,595.991,690.956,578.512
783.915,453.067,771.138,465.956,698.524,536.667,687.624,562.972,688.099,584.661,655.378,627.059,613.584,651.454,926.706,514.276,888.534,502.405,811.243,508.862,758.148,484.259,743.637,625.869,715.797,547.069,705.735,579.859,696.942,558.845,956.701,530.249,861.958,476.928,703.664,595.991,691.115,578.576
783.824,453.067,771.132,465.935,698.524,536.672,687.51,563.041,688.099,584.661,655.603,628.523,614.566,652.417,926.703,514.226,888.599,502.397,811.239,508.865,758.148,484.259,744.506,625.404,715.797,547.069,705.735,579.859,696.942,558.878,956.662,530.249,862.238,476.928,704.157,595.991,691.115,578.576
783.824,453.004,771.132,465.935,698.515,536.738,687.51,563.051,688.099,584.661,656.036,629.08,615.561,652.922,926.669,514.156,888.6,502.395,811.109,508.874,758.156,484.247,745.321,625.181,715.797,547.069,705.721,580.126,696.942,558.916,956.643,530.217,862.383,476.919,704.157,596.484,691.115,578.512
783.777,452.973,771.138,465.926,698.262,537.334,687.087,563.119,685.68,584.583,656.108,629.106,616.716,653.501,926.703,514.039,888.661,502.231,811.026,508.875,758.168,484.227,745.996,625.181,726.199,570.294,705.082,580.264,696.808,559.295,956.613,530.2,862.49,476.866,704.157,597.279,691.023,578.484
783.769,452.973,771.132,465.911,698.018,537.734,687.087,563.119,685.462,584.536,656.227,631.365,617.804,654.429,926.712,513.976,888.671,502.121,810.982,508.875,758.248,484.227,747.002,625.181,726.199,570.383,704.68,580.264,696.688,559.646,956.613,530.188,862.515,476.866,702.589,597.956,690.998,578.3
783.769,452.954,771.147,465.847,697.772,538.216,687.087,563.119,685.462,584.536,656.443,631.365,618.628,654.854,926.712,513.779,888.78,502.109,810.863,508.865,758.272,484.227,747.002,625.181,726.199,570.383,704.654,580.346,696.595,559.905,956.613,530.073,862.559,476.86,702.588,600.27,690.998,578.171
783.704,452.813,771.147,465.804,697.75,538.28,686.756,563.579,685.462,584.548,656.443,631.365,618.957,655.426,926.766,513.751,888.886,501.979,810.805,508.84,758.297,484.227,747.002,625.181,726.098,570.314,704.63,580.357,696.549,559.905,956.514,530.039,862.579,476.848,702.567,600.437,690.983,578.171
783.575,452.712,771.123,465.785,697.75,538.28,686.579,563.383,685.481,584.548,656.811,631.767,619.304,656.567,926.993,513.608,888.886,501.724,810.805,508.84,758.297,484.227,711.335,510.039,726.031,570.294,704.442,580.415,696.547,559.905,956.488,530.032,862.582,476.846,702.567,600.662,690.971,578.165
783.549,452.527,771.07,465.721,697.75,538.28,687.682,562.171,685.825,584.536,657.018,632.467,621.064,657.302,927.101,513.595,888.886,501.689,810.805,508.84,758.272,484.208,711.322,510.036,725.996,570.151,704.431,580.415,696.549,559.806,956.488,529.996,862.638,476.844,702.404,600.887,690.698,578.151
783.309,452.486,770.986,465.705,697.75,538.041,687.658,562.086,685.829,578.807,657.018,634.022,622.057,657.692,927.315,513.579,888.886,501.598,810.853,508.84,758.315,484.149,710.95,509.995,725.996,570.073,704.17,580.415,696.549,559.634,956.478,529.897,862.651,476.844,702.268,600.887,690.698,577.727
783.282,452.231,770.951,465.701,697.75,537.992,687.588,561.901,685.879,578.481,656.888,634.595,623.065,657.746,927.377,513.547,888.886,501.533,810.908,508.84,758.315,484.048,710.47,509.968,726.023,570.011,704.166,580.369,696.592,559.634,956.478,529.871,862.651,476.832,702.146,600.928,690.698,577.564
783.282,451.984,770.951,465.55,697.745,537.992,687.641,561.888,686.274,578.351,656.888,634.595,623.185,658.584,927.545,513.454,888.94,501.45,811.187,508.792,758.323,483.904,709.817,509.772,726.023,569.938,704.166,580.337,696.628,559.634,956.463,529.863,862.638,476.832,702.072,600.928,690.982,577.564
783.282,451.923,770.986,465.483,697.686,537.992,687.658,561.888,686.474,578.293,657.018,634.595,623.578,659.458,927.564,513.388,888.945,501.431,811.289,508.792,758.331,483.785,709.813,509.76,726.023,569.938,704.14,580.325,696.628,559.655,956.463,529.859,862.584,476.809,697.804,601.125,690.987,577.564
783.28,451.678,770.986,465.3,697.654,538.02,687.641,561.888,686.531,578.246,658.393,632.035,624.309,659.897,927.62,513.249,889.082,501.321,811.519,508.774,758.408,483.723,709.619,509.653,726.023,569.938,704.14,580.325,696.64,559.655,956.463,529.839,862.565,476.803,702.072,600.928,690.987,577.564
783.163,451.504,770.945,465.22,697.604,538.02,687.588,561.888,686.585,578.246,658.798,632.035,625.6,660.217,927.726,513.194,889.137,501.317,811.603,508.749,758.475,483.674,709.59,509.523,716.325,550.328,704.071,580.323,696.695,559.655,956.511,529.832,862.537,476.757,702.072,600.928,691.001,577.564
783.007,451.413,770.804,465.22,697.446,538.04,687.641,561.856,686.914,578.178,659.094,632.035,626.657,660.418,927.726,513.163,889.148,501.228,811.603,508.672,758.475,483.633,709.496,509.342,716.273,550.272,704.026,580.249,696.712,559.581,956.511,529.853,862.488,476.711,704.699,595.738,690.987,577.395
782.945,451.353,770.727,465.122,697.373,538.161,687.672,561.786,686.982,578.121,659.347,632.468,627.29,660.806,927.748,513.064,889.221,501.217,811.682,508.672,758.475,483.589,709.468,509.342,716.273,550.328,703.977,580.231,697.26,558.502,956.511,529.853,862.488,476.702,704.745,595.442,690.987,577.301
782.839,451.268,770.686,465.04,697.338,538.28,687.708,561.786,687.035,578.121,659.612,632.555,627.748,661.213,927.726,512.975,889.225,501.17,811.617,508.672,758.405,483.532,709.318,509.332,716.273,550.328,703.926,580.142,697.427,558.502,956.511,529.853,862.448,476.702,704.779,595.429,691.019,577.262
782.839,451.229,770.638,465.01,697.333,538.449,687.725,561.764,687.122,578.121,659.94,632.94,628.054,661.427,927.693,512.94,889.242,501.103,811.616,508.851,758.404,483.519,709.172,509.332,725.141,569.977,703.926,580.089,697.504,558.502,956.517,529.853,862.448,476.702,704.779,595.28,691.019,577.256
782.85,451.227,770.597,465.01,697.311,538.827,687.758,561.731,687.23,578.237,660.048,633.324,628.538,661.542,927.671,512.865,889.251,501.068,811.616,508.851,758.401,483.413,708.96,509.332,725.211,570.03,703.977,579.956,697.55,558.634,956.517,529.853,678.031,586.051,705.1,595.117,691.019,577.256
782.896,451.196,770.595,465.01,697.311,538.858,687.823,561.705,687.298,578.247,660.098,633.43,628.863,661.667,927.556,512.807,889.269,500.942,811.616,508.875,758.392,483.388,708.954,509.332,725.211,570.208,704.035,579.868,697.583,558.634,956.579,529.798,678.02,586.441,705.571,595.092,691.134,577.256
782.896,451.193,770.579,464.995,697.305,538.858,688.004,561.694,687.348,578.326,660.217,633.615,629.031,662.082,927.555,512.805,889.472,500.708,811.616,508.875,758.37,483.356,708.954,509.332,725.211,570.469,704.235,579.826,697.583,558.664,956.608,529.787,678.02,586.612,705.84,595.08,691.325,577.22
782.951,451.126,770.56,464.995,697.305,538.96,688.057,561.686,687.473,578.409,660.254,633.985,629.154,662.292,927.394,512.774,889.491,500.707,811.616,508.907,758.368,483.344,708.954,509.342,725.178,570.505,704.312,579.575,697.55,558.664,956.629,529.731,678.031,586.673,705.88,594.754,691.447,577.22
783.005,451.052,770.533,465.007,697.311,538.965,688.146,561.686,687.604,578.473,660.254,634.264,629.463,662.329,927.362,512.708,889.576,500.687,811.6,508.907,758.284,483.301,708.945,509.342,725.178,570.801,704.377,579.532,696.971,559.514,956.629,529.731,678.084,586.922,705.991,594.745,691.521,577.272
783.034,451.052,770.522,465.007,697.32,538.965,688.163,561.686,687.815,583.55,660.254,634.565,629.945,663.142,927.352,512.648,889.603,500.687,811.643,508.907,758.276,483.301,708.782,509.29,725.178,571.224,704.401,579.488,696.943,559.602,956.629,529.731,678.272,587.36,706.052,594.646,691.542,577.353
783.034,451.052,770.502,465.007,697.317,538.984,688.181,561.728,687.959,583.624,660.319,634.646,630.207,663.487,927.352,512.5,889.769,500.658,811.648,508.861,758.186,483.301,708.462,509.121,725.189,571.317,704.401,579.488,696.943,559.602,956.521,529.729,679.628,588.22,706.072,594.646,691.542,577.376
783.034,451.096,770.502,465.054,697.32,539.064,688.234,561.738,687.984,583.624,660.424,634.646,630.407,663.532,927.362,512.47,889.933,500.658,811.648,508.853,758.186,483.311,708.452,509.107,725.169,571.342,704.385,579.488,696.943,559.602,956.521,529.724,679.677,588.386,706.148,594.646,691.521,577.435
783.034,451.198,770.492,465.054,697.339,539.29,688.255,561.779,688.093,583.624,660.745,634.565,630.407,663.884,927.362,512.387,889.999,500.647,811.648,508.811,758.186,483.331,708.449,509.107,725.148,571.522,704.385,579.488,697.721,558.796,956.521,529.621,680.076,588.386,706.234,594.646,691.376,577.574
783.034,451.231,770.492,465.054,697.37,539.329,688.261,561.886,692.876,583.654,660.837,634.561,630.407,666.082,927.361,512.368,890.005,500.647,811.703,508.811,758.201,483.335,708.367,509.049,725.102,571.62,704.382,579.609,697.742,558.715,956.602,529.585,680.094,588.348,706.24,594.75,691.354,577.676
783.021,451.231,770.508,465.026,697.49,539.329,688.274,561.991,692.955,583.654,660.837,634.492,629.398,666.328,927.395,512.368,890.044,500.619,811.703,508.811,758.202,483.331,708.2,508.974,725.007,571.724,704.365,579.639,697.771,558.699,956.602,529.585,680.582,588.22,706.274,594.778,691.246,577.826
783.021,451.231,770.508,464.985,697.494,539.312,688.35,562.029,692.958,583.654,660.745,634.492,629.389,666.637,927.469,512.387,890.062,500.619,811.703,508.895,758.205,483.331,708.177,508.945,724.969,571.873,704.365,579.745,697.785,558.644,956.602,529.569,680.651,588.194,706.327,594.938,691.224,577.827
782.996,450.992,770.528,464.925,697.545,539.315,688.357,562.075,692.958,583.672,660.689,634.461,629.389,666.637,927.525,512.419,890.097,500.607,811.675,508.906,758.205,483.324,708.082,508.873,724.697,572.028,704.382,579.754,697.771,558.715,956.509,529.569,680.733,588.118,706.374,594.976,691.199,577.893
782.996,450.945,770.569,464.901,697.591,539.315,688.357,562.184,692.955,583.672,660.689,634.479,629.398,666.698,927.591,512.454,890.126,500.581,811.675,508.912,758.208,483.323,708.049,508.772,724.697,572.028,704.406,579.883,697.771,558.715,956.505,529.569,680.651,588.114,706.511,595.008,691.168,577.948
782.996,450.945,770.586,464.891,697.601,539.315,688.357,562.346,692.83,583.68,660.689,634.479,629.574,666.713,927.632,512.491,890.126,500.581,811.675,508.906,758.208,483.32,708.032,508.737,724.697,572.028,704.461,580.047,697.178,559.743,956.505,529.567,680.961,588.011,706.511,595.201,691.129,578.137
782.996,450.945,770.619,464.883,697.601,539.358,688.305,562.549,692.809,583.7,660.68,634.474,629.594,666.889,927.719,512.491,890.131,500.607,811.815,508.906,758.208,483.3,707.984,508.737,724.728,572.028,704.479,580.198,697.166,559.836,956.505,529.56,681.128,587.164,706.511,595.376,691.028,578.378
782.997,450.954,770.62,464.882,697.591,539.611,688.16,562.84,692.572,583.7,660.68,634.379,629.594,666.974,927.719,512.491,890.135,500.61,811.855,508.901,758.195,483.3,707.933,508.737,724.733,572.009,704.543,580.48,697.11,559.949,956.529,529.535,863.771,476.948,706.507,595.767,690.673,578.752
783.014,450.954,770.634,464.87,697.544,539.796,688.16,563.042,692.565,583.68,660.68,634.379,629.594,667.106,927.719,512.463,890.135,500.627,811.867,508.876,758.195,483.282,707.87,508.769,725.129,572.009,704.58,580.545,697.11,560.015,956.529,529.535,863.855,476.948,706.456,595.961,690.661,578.971
783.014,450.954,770.634,464.846,697.539,539.887,688.129,563.14,692.346,583.678,660.596,634.345,629.459,667.106,927.719,512.441,890.114,500.659,811.906,508.876,758.195,483.267,707.87,508.792,728.932,571.588,704.608,580.563,697.101,560.015,956.532,529.531,863.993,476.948,706.297,596.049,690.537,579.083
783.02,450.939,770.639,464.837,697.511,539.887,688.098,563.14,692.18,583.492,660.594,634.208,629.362,667.106,927.719,512.381,890.107,500.677,811.938,508.876,758.229,483.26,707.87,508.793,728.995,571.588,704.608,580.563,697.1,560.015,956.532,529.522,864.128,476.959,705.657,598.711,690.494,579.083
783.091,450.851,770.649,464.835,697.483,539.887,688.04,563.14,692.089,583.43,660.564,634.019,629.12,667.104,927.707,512.367,890.066,500.69,812.206,508.965,758.235,483.225,707.879,508.814,729.281,571.609,704.608,580.569,697.1,559.988,956.597,529.424,864.331,477.045,705.56,598.767,690.369,579.083
783.148,450.822,770.655,464.82,697.441,539.798,687.906,563.056,691.881,583.141,660.548,633.86,629.022,667.089,927.627,512.248,889.967,500.714,812.306,509.066,758.241,483.225,707.897,508.821,729.281,571.623,704.546,580.666,697.131,559.982,956.627,529.405,864.45,477.081,705.527,599.057,690.312,579.104
783.245,450.822,770.677,464.82,697.441,539.755,687.906,562.946,691.67,582.81,660.548,633.652,628.965,667.045,927.627,512.248,889.967,500.714,812.339,509.165,758.235,483.225,707.897,508.814,729.441,571.623,704.34,580.752,697.393,559.199,956.758,529.329,864.619,477.145,705.415,599.057,690.293,578.873
783.253,450.822,770.71,464.818,697.441,539.731,687.906,562.933,691.448,582.777,660.527,633.508,628.947,667.045,927.627,512.248,889.967,500.69,812.583,509.289,758.235,483.241,707.897,508.794,729.631,572.207,704.286,580.972,697.393,559.074,956.81,529.278,864.68,477.202,705.094,598.914,690.293,578.85
783.273,450.874,770.737,464.808,697.448,539.46,688.944,562.089,691.201,581.983,660.527,633.438,628.642,667.104,927.593,512.314,889.967,500.652,812.839,509.301,758.207,483.241,707.888,508.794,733.304,576.05,704.031,580.992,697.393,558.854,956.81,529.275,864.68,477.218,704.803,598.914,690.228,578.849
783.273,450.879,770.737,464.808,697.463,539.339,688.97,562.039,690.954,581.503,660.313,633.289,628.642,667.045,927.544,512.343,890.201,500.617,812.839,509.314,758.189,483.244,707.888,508.767,733.664,576.05,703.882,580.992,697.357,558.822,956.81,529.258,864.68,477.236,704.32,598.521,690.228,578.813
783.282,450.905,770.737,464.803,697.463,539.237,688.97,561.976,690.792,581.503,660.166,633.27,628.642,667.045,927.544,512.343,890.239,500.604,812.852,509.409,758.18,483.244,707.888,508.767,733.664,576.054,703.471,580.972,697.346,558.734,956.83,529.245,704.28,607.466,703.705,598.051,690.055,578.75
783.273,450.905,770.733,464.802,697.463,539.156,688.944,561.976,690.777,581.476,660.117,633.222,628.832,664.635,927.544,512.352,890.239,500.595,812.858,509.425,758.178,483.238,707.888,508.767,733.722,576.063,703.432,580.827,697.306,558.666,956.859,529.214,704.196,607.815,703.659,597.544,690.038,578.515
783.268,450.909,770.733,464.801,697.469,539.126,688.875,561.976,690.705,581.453,660.052,632.898,628.832,664.499,927.544,512.349,890.239,500.595,812.858,509.477,758.177,483.215,707.993,508.821,733.822,576.05,703.424,580.701,697.169,558.666,957.102,529.121,703.976,608.178,703.397,597.311,689.912,578.402
783.268,450.909,770.733,464.78,697.482,539.062,688.875,561.877,686.745,577.805,659.867,632.812,628.832,664.219,927.544,512.349,890.174,500.604,812.945,509.648,758.16,483.215,707.993,508.903,733.833,576.05,703.424,580.54,697.169,558.649,957.252,529.053,703.796,608.178,702.568,596.974,689.91,578.209
783.283,450.909,770.735,464.78,697.482,539.023,688.811,561.983,686.506,577.729,659.822,632.812,628.669,664.019,927.643,512.349,890.127,500.61,813.032,509.673,758.16,483.215,708.09,508.943,733.765,576.063,703.432,580.458,697.154,558.666,957.314,528.98,703.398,608.271,701.911,596.974,689.813,578.153
783.321,450.909,770.737,464.78,697.539,538.965,688.797,561.987,686.265,577.531,659.754,632.812,628.303,663.963,927.786,512.349,890.121,500.628,813.035,509.744,758.156,483.222,708.09,508.997,733.765,576.07,703.597,580.318,697.111,558.7,957.318,528.895,702.673,608.271,701.661,596.916,689.752,578.065
783.381,450.93,770.806,464.814,697.646,538.965,687.569,562.166,685.852,577.474,659.603,632.737,627.89,663.959,927.786,512.343,890.088,500.639,813.066,509.782,758.142,483.223,708.09,509.087,733.765,576.07,703.597,580.256,696.419,559.57,957.349,528.89,701.561,608.271,701.275,596.911,689.656,577.959
783.384,450.93,770.809,464.814,697.738,538.96,687.509,562.166,685.487,577.401,659.35,632.768,627.507,663.807,927.786,512.343,890.052,500.712,813.066,509.785,758.083,483.24,741.666,621.173,733.629,576.111,703.597,580.127,696.404,559.57,957.374,528.885,701.561,608.281,700.9,596.911,689.449,577.846
783.392,450.93,770.814,464.814,697.738,538.96,687.492,562.166,685.385,577.303,659.16,632.768,627.409,663.644,927.75,512.357,890.052,500.712,813.16,509.785,758.083,483.269,741.666,669.921,733.555,576.356,703.51,580.127,696.393,559.57,957.403,528.884,701.561,609.384,700.476,596.911,689.255,577.778
783.392,450.919,770.814,464.814,697.738,538.96,687.444,562.14,685.288,577.046,659.137,632.737,627.044,663.462,927.75,512.356,890.052,500.712,813.16,509.782,758.083,483.272,740.587,669.95,733.423,576.356,703.444,580.127,696.393,559.47,957.437,528.84,701.675,609.384,700.162,596.596,689.222,577.68
783.381,450.911,770.883,464.78,697.704,538.96,687.415,562.14,685.23,576.987,659.068,632.617,626.416,663.428,927.746,512.357,890.114,500.573,813.16,509.724,758.125,483.281,740.587,670.053,733.274,576.356,703.411,580.131,696.376,559.47,957.437,528.84,702.039,609.384,699.983,596.595,689.207,577.68
783.348,450.911,770.883,464.78,697.645,538.983,687.356,562.14,685.081,576.965,658.919,632.61,626.028,663.36,927.75,512.369,890.114,500.561,813.103,509.723,758.125,483.288,739.489,670.4,729.793,572.574,703.341,580.181,696.282,559.47,957.437,528.828,865.091,477.165,699.658,596.586,689.063,577.68
783.327,450.911,770.883,464.78,697.631,539.183,687.288,562.233,684.844,576.965,658.4,632.61,625.179,663.36,927.751,512.369,890.15,500.534,813.057,509.723,758.131,483.288,739.084,670.4,729.63,572.564,703.396,580.215,696.217,559.47,957.4,528.828,865.091,477.153,699.276,596.595,688.866,577.737
783.327,450.965,770.857,464.789,697.618,539.198,687.256,562.276,684.744,576.965,658.325,632.61,624.921,663.313,927.751,512.375,890.156,500.534,812.814,509.724,758.138,483.314,739.084,670.4,729.63,572.458,703.396,580.241,696.211,559.47,957.348,528.841,865.091,477.153,698.846,596.596,688.745,577.86
783.327,451.009,770.857,464.793,697.618,539.258,687.224,562.451,684.325,577.124,655.397,638.095,624.48,663.313,927.746,512.375,890.206,500.516,812.809,509.786,758.152,483.338,738.943,667.165,729.63,572.449,703.341,580.374,696.104,559.356,957.325,528.869,865.023,477.153,698.286,596.694,688.673,577.86
783.397,451.012,770.857,464.793,697.631,539.34,687.217,562.524,684.242,577.149,655.384,638.095,623.887,663.211,927.751,512.376,890.235,500.516,812.766,509.867,758.152,483.351,737.457,621.19,729.807,572.441,703.396,580.408,696.046,559.333,957.325,528.869,865.011,477.156,697.408,600.023,688.629,577.86
783.463,451.047,770.895,464.789,697.912,539.34,687.048,562.651,683.913,577.241,655.249,638.095,623.276,663.022,927.755,512.376,890.235,500.516,812.715,509.867,758.164,483.351,707.915,509.393,729.812,572.334,703.488,580.458,695.863,559.173,957.325,528.869,865.011,477.173,697.251,600.023,686.679,577.052
783.463,451.047,770.895,464.778,698.218,539.34,685.792,562.651,683.644,577.518,655.221,637.922,622.683,662.787,927.812,512.412,890.206,500.573,812.569,509.867,758.164,483.338,707.915,509.373,729.812,572.294,703.505,580.458,695.863,559.109,957.449,528.716,865.023,477.181,696.933,600.023,686.679,576.804
783.463,451.055,770.895,464.778,698.389,539.114,685.792,562.651,683.556,577.518,655.025,637.365,622.388,662.472,927.851,512.413,890.183,500.624,812.564,509.84,758.164,483.293,707.915,509.373,729.807,572.294,703.712,580.458,695.863,558.81,957.449,528.716,864.999,477.221,696.933,599.99,686.679,576.664
783.431,451.055,770.865,464.778,698.389,538.881,685.792,562.478,683.518,577.518,654.768,637.043,621.944,662.147,927.865,512.414,890.183,500.642,812.54,509.84,758.1,483.244,707.892,509.373,729.799,572.334,703.734,580.325,696.022,558.535,957.449,528.706,864.999,477.221,696.933,599.746,687.127,576.249
783.431,451.055,770.851,464.762,698.367,538.846,685.935,562.241,683.516,577.518,654.718,636.892,620.618,662.056,927.865,512.435,890.172,500.655,812.564,509.84,758.078,483.244,707.897,509.476,729.773,572.355,704.034,580.144,696.071,558.274,957.405,528.7,865.024,477.224,697.093,596.497,687.363,576.249
783.431,451.059,770.846,464.762,698.391,538.846,686.002,562.115,683.395,577.363,654.588,636.586,620.01,661.997,927.851,512.44,890.096,500.679,812.564,509.903,758.075,483.244,707.897,509.5,729.773,572.418,704.036,580.144,696.14,558.273,957.375,528.7,865.001,477.224,697.105,596.497,687.421,576.249
783.452,451.079,770.841,464.761,698.398,538.846,686.017,562.075,683.342,577.363,654.516,636.586,619.415,661.747,927.669,512.468,890.007,500.755,812.585,510.066,758.075,483.248,707.857,509.53,729.787,572.643,704.036,580.135,696.15,558.273,957.375,528.7,865.001,477.23,697.105,596.497,688.957,577.758
783.478,451.119,770.835,464.758,698.398,538.925,687.832,561.995,683.185,577.388,654.516,636.214,619.094,661.501,927.529,512.48,889.973,500.755,812.663,510.147,758.075,483.272,707.857,509.53,729.787,572.745,704.034,580.144,696.15,558.274,957.37,528.635,865.001,477.23,697.105,596.553,688.957,577.799
783.478,451.119,770.835,464.757,698.391,538.948,687.861,561.995,682.903,577.49,654.516,635.933,618.689,661.455,927.426,512.503,889.912,500.807,812.663,510.147,758.075,483.272,707.81,509.591,729.824,572.815,704.071,580.144,696.15,558.34,957.375,528.617,865.001,477.264,696.681,596.905,688.957,577.825
783.478,451.119,770.827,464.755,698.398,538.967,687.908,561.991,682.744,577.388,654.964,633.669,618.159,661.412,927.422,512.524,889.796,500.807,812.598,510.171,758.08,483.28,707.81,509.592,730.025,572.897,704.071,580.135,696.163,558.414,957.376,528.611,864.984,477.323,696.681,596.905,688.957,577.799
783.378,451.1,770.825,464.753,698.463,538.967,687.97,561.991,682.711,577.49,654.964,633.196,617.579,661.281,927.378,512.524,889.654,500.819,812.641,510.171,758.135,483.28,725.778,666.714,730.025,573.03,704.071,580.128,696.172,558.435,957.489,528.509,864.942,477.348,696.322,598.743,688.928,577.799
783.355,451.082,770.824,464.751,698.484,538.948,687.97,561.995,682.654,577.599,654.964,632.697,616.736,660.526,927.369,512.524,889.534,500.931,812.632,510.205,758.135,483.299,725.778,666.714,730.025,573.03,704.097,580.002,696.253,558.589,957.556,528.471,864.828,477.349,696.242,598.743,688.909,577.799
783.343,451.061,770.814,464.742,698.575,538.88,687.97,562.106,682.416,577.624,654.485,632.288,616.382,659.978,927.329,512.497,889.395,501.063,812.632,510.31,758.135,483.299,725.548,666.214,729.949,573.03,704.097,580.0,696.256,558.589,957.556,528.453,864.778,477.411,696.242,598.743,688.909,577.822
783.316,451.038,770.805,464.733,698.575,538.841,686.19,562.216,682.416,577.781,654.015,631.879,616.175,659.775,927.26,512.466,889.209,501.104,812.641,510.46,758.103,483.299,725.548,666.214,729.745,573.02,704.097,579.962,696.424,558.436,957.556,528.388,864.778,477.411,695.982,598.743,688.887,577.822
783.249,450.952,770.745,464.695,698.757,538.606,686.162,562.252,682.416,577.81,653.893,631.542,615.959,659.153,927.26,512.466,889.209,501.104,812.665,510.46,758.085,483.29,724.29,664.796,729.745,572.959,703.372,579.062,696.47,558.436,957.491,528.377,864.778,477.411,695.865,598.773,688.783,577.85
783.235,450.82,770.707,464.627,698.757,538.537,686.082,562.299,684.865,582.505,653.656,631.542,615.933,658.607,927.26,512.466,889.209,501.104,812.677,510.46,758.045,483.203,722.478,663.909,729.745,572.946,703.338,579.056,696.546,558.409,957.467,528.351,864.789,477.406,695.763,599.07,688.677,578.101
783.235,450.784,770.707,464.594,698.757,538.537,686.064,562.252,684.865,582.7,653.351,631.542,615.595,658.357,927.274,512.451,889.286,501.104,812.705,510.445,758.045,483.194,707.997,509.558,729.788,572.946,703.282,579.056,696.577,558.376,957.458,528.351,864.789,477.399,695.699,599.07,688.631,578.177
783.239,450.772,770.687,464.588,698.751,538.537,686.042,562.252,684.865,582.7,649.558,632.417,615.276,657.976,927.275,512.45,889.286,501.104,812.719,510.421,758.045,483.177,707.984,509.521,729.848,572.911,703.257,578.956,696.583,558.376,957.447,528.37,864.789,477.384,695.32,599.07,688.538,578.177
783.235,450.749,770.687,464.516,698.674,538.67,686.041,562.231,684.609,582.7,648.862,632.417,614.732,657.732,927.275,512.472,889.286,501.104,812.734,510.401,758.045,483.142,707.903,509.501,730.027,572.896,703.053,578.96,696.588,558.376,957.447,528.351,864.789,477.38,694.675,599.037,688.321,578.255
783.235,450.748,770.713,464.505,698.66,538.789,686.032,562.231,684.609,582.578,648.293,632.417,613.794,657.706,927.282,512.472,889.244,501.107,812.768,510.355,758.058,483.131,707.872,509.483,730.44,572.809,703.044,578.96,696.588,558.385,957.423,528.353,864.703,477.36,694.621,598.851,688.238,578.255
783.234,450.73,770.713,464.466,698.589,538.925,686.032,562.231,684.603,582.457,647.816,632.402,613.164,657.672,927.282,512.472,889.185,501.114,812.776,510.355,758.095,483.107,707.707,509.448,730.503,572.809,703.044,578.952,696.622,558.383,957.423,528.353,864.697,477.36,694.621,598.835,688.227,578.255
783.216,450.717,770.684,464.444,698.539,539.111,686.01,562.231,684.552,582.436,647.574,631.875,612.746,657.308,927.229,512.472,889.173,501.128,812.805,510.355,758.095,483.09,707.701,509.427,730.581,572.809,703.044,578.93,696.611,558.383,957.423,528.297,864.675,477.36,694.558,598.83,688.141,578.287
783.088,450.709,770.684,464.403,698.514,539.111,686.01,562.228,684.359,582.324,647.504,631.457,612.037,656.987,927.213,512.472,889.014,501.14,812.936,510.368,758.095,483.083,707.611,509.375,732.368,576.125,703.232,578.735,696.611,558.375,957.682,528.182,864.665,477.425,694.558,598.779,687.983,578.287
783.088,450.572,770.684,464.356,698.495,539.111,686.01,562.135,684.32,582.083,647.153,631.371,611.317,656.827,927.216,512.458,889.006,501.22,812.993,510.392,758.095,483.083,707.611,509.36,732.405,576.125,703.278,578.636,696.611,558.22,957.684,528.18,864.665,477.425,694.691,598.777,687.983,578.287
783.073,450.557,770.657,464.343,698.514,539.059,688.571,561.609,684.125,582.02,646.954,630.946,610.555,656.707,927.216,512.458,888.961,501.246,813.075,510.394,758.095,483.081,707.611,509.324,732.884,576.125,703.278,578.579,696.647,558.122,957.689,528.168,864.665,477.425,694.692,598.701,687.983,578.224
783.07,450.491,770.657,464.259,698.539,538.99,689.031,560.864,681.93,577.105,646.951,630.508,610.398,656.654,927.216,512.45,888.93,501.402,813.075,510.394,758.109,483.055,707.679,509.219,733.391,576.117,703.3,578.324,696.759,557.635,957.689,528.168,864.713,477.367,694.692,598.148,687.983,577.581
783.058,450.48,770.673,464.225,698.67,538.949,689.227,560.277,681.823,576.972,646.951,630.047,609.824,656.636,927.27,512.458,888.93,501.411,813.075,510.394,758.119,483.05,707.746,509.07,733.603,576.015,703.305,578.324,698.208,556.853,957.921,528.046,864.713,477.294,694.692,597.749,687.983,577.255
783.058,450.47,770.676,464.225,698.793,538.496,689.244,560.276,681.732,576.804,646.714,630.03,609.367,656.589,927.296,512.462,888.93,501.411,813.056,510.398,758.169,483.037,707.797,509.059,733.744,576.015,703.35,578.324,698.22,556.758,957.975,528.013,864.713,477.278,694.606,597.733,687.774,577.173
783.058,450.425,770.676,464.203,698.83,538.445,689.337,560.212,681.71,576.725,646.714,629.974,609.329,656.451,927.322,512.462,888.97,501.411,813.039,510.398,758.202,483.023,707.873,509.059,733.918,575.94,704.801,578.82,698.22,556.593,958.147,527.973,864.648,477.249,694.485,597.599,687.774,576.945
783.058,450.422,770.676,464.199,700.716,537.529,689.337,559.778,681.71,576.804,646.226,629.974,608.926,656.357,927.322,512.45,888.97,501.411,813.032,510.387,758.252,483.017,707.915,509.07,734.053,575.725,704.969,578.82,698.22,556.508,958.232,527.941,864.645,477.249,693.195,594.302,687.774,576.617
783.046,450.419,770.673,464.188,700.716,536.984,689.227,559.36,681.696,576.725,645.636,629.863,608.538,656.133,927.322,512.421,888.97,501.365,813.014,510.387,758.252,482.999,707.915,508.961,734.053,575.595,704.969,578.82,698.208,556.115,958.232,527.934,864.626,477.23,693.078,594.261,687.7,576.573
782.613,450.075,770.445,464.075,700.716,536.462,689.169,559.187,681.665,576.118,643.43,628.044,607.842,655.72,926.796,512.394,885.114,501.338,811.865,510.179,758.252,482.93,707.873,508.916,734.053,575.519,704.969,578.749,698.193,555.301,958.232,527.603,863.89,477.22,692.833,593.783,687.7,576.018
